34
0.32583460798837827 1.1056045955622238
0.37643974626309706 1.8847799817589146
0.47856680066495727 1.9782147920256268
1.6867184676531277 6.791941893697587
1.7640773665994445 6.986736739736164
1.901185928636684 7.4476670814927965
2.051914571658438 8.219323002382723
3.5929326604363716 13.767248597942244
8.860221676212662 35.891979883942085
9.02913533010276 36.09619495235315
9.523730388145362 37.82144169542369
9.77315717197182 39.398732430657105
12.655930635257839 51.11989240667055
13.488084531247907 53.00813598525749
14.376181485462219 57.467497423483756
15.110552196472375 60.61825267741056
15.120502121621579 60.39598364057638
17.43869599458126 141.6248899826538
18.33034770149384 148.9394244327365
18.432763760139046 149.09727780929194
20.497734526956986 166.39716080990456
20.710692978399152 167.05238475615988
21.85125202444851 176.8202919301869
22.09195918186037 177.94381170690872
22.595946653666225 183.65590357830564
22.70301979107901 183.71590872382484
24.246493399109582 195.61416790258596
25.59267550835465 206.30784161110657
25.65061662836476 207.02148445068525
25.89905463123869 209.71302308995473
26.2959050555763 212.1970360345001
29.70986353538807 239.42830407882678
31.429895849687867 252.97574233147913
32.49786469443745 261.9980182502976