18
0 0 70 0 0 0 0 64 43 0 0 60 0 0 0 57 0 74
59 0 22 70 58 36 0 0 0 99 88 22 58 97 87 14 0 38
76 0 0 0 0 0 36 0 40 0 1 35 0 0 74 70 0 32
13 83 0 0 74 78 27 22 100 35 20 0 32 91 92 21 0 0
8 0 54 67 0 0 30 0 0 73 71 0 6 0 82 16 0 38
52 59 71 41 99 0 31 42 100 37 27 52 24 28 58 63 0 84
0 4 0 0 0 0 0 48 0 0 0 0 0 0 0 12 0 0
0 4 97 0 8 95 18 0 51 30 61 75 0 28 97 29 0 46
5 0 0 91 25 0 77 0 0 0 70 35 4 29 14 92 0 71
65 37 77 3 40 53 0 36 57 0 6 27 4 41 68 85 0 44
0 0 0 0 0 0 57 0 0 0 0 0 0 0 0 0 0 7
0 0 0 1 0 65 0 0 0 54 51 0 56 0 4 0 0 16
14 75 62 9 56 54 18 62 76 58 82 40 0 85 0 0 0 10
0 55 0 0 0 0 94 0 0 0 0 0 0 0 0 0 0 0
29 29 3 5 0 54 70 1 15 11 66 68 65 17 0 8 0 66
66 0 57 0 0 33 0 0 0 0 77 43 0 56 81 0 0 50
46 79 0 0 74 0 68 65 12 0 36 85 0 0 0 18 0 33
0 0 0 0 0 0 0 0 0 0 0 0 0 0 0 0 0 0
