130
0 0 0 0 0 0 0 0 0 0 0 0 28 0 0 0 0 0 0 0 0 0 0 0 0 0 0 0 0 52 0 0 56 0 0 0 0 0 0 0 0 0 0 0 0 0 0 0 0 0 31 0 0 0 0 0 0 0 34 0 0 0 0 0 0 0 0 0 0 0 0 0 0 0 0 0 0 0 0 0 0 0 0 0 0 0 0 0 0 0 0 0 0 0 59 0 0 0 0 0 0 0 0 0 0 0 40 0 0 0 6 0 0 0 0 0 0 0 0 0 13 0 0 0 0 0 0 0 0 0
17 0 0 0 0 0 0 0 0 0 0 40 0 0 0 11 0 0 0 0 0 0 0 0 0 0 0 0 0 0 0 0 0 73 0 0 0 0 0 0 0 95 0 0 0 0 0 0 0 0 0 0 0 0 0 0 52 0 0 0 0 9 0 25 0 0 55 0 0 0 0 0 25 0 0 0 0 0 0 0 0 0 0 16 0 0 0 0 0 0 0 0 0 26 0 0 0 0 82 0 0 32 28 0 0 0 0 0 0 0 0 0 0 0 0 0 0 0 0 0 0 0 0 0 0 0 0 0 0 77
3 6 0 22 0 66 80 20 27 84 90 45 67 53 0 14 0 94 0 90 11 0 0 79 69 11 0 0 0 13 25 70 0 0 78 87 77 0 54 65 22 0 0 1 43 0 2 0 0 0 80 68 38 17 35 29 85 19 14 42 97 53 0 39 29 0 29 53 28 50 82 66 0 10 27 91 40 0 35 49 3 31 86 19 0 0 8 65 6 17 0 0 69 0 89 0 89 49 39 9 35 63 0 61 89 0 24 0 46 69 42 34 2 22 48 48 0 0 82 66 7 99 53 0 0 0 10 43 0 0
26 35 0 0 41 25 67 36 86 55 58 26 84 82 4 92 100 8 65 87 31 90 0 0 33 74 14 17 0 37 8 8 77 72 37 68 67 35 100 39 0 17 0 52 83 90 5 31 0 74 62 25 38 51 49 9 86 29 79 9 96 0 84 26 59 0 86 43 34 55 41 85 45 74 25 61 46 71 81 67 0 0 49 93 16 30 90 43 33 77 39 0 74 0 11 58 7 7 11 49 85 46 63 42 16 87 48 4 16 86 69 0 63 22 68 4 57 45 37 68 75 77 50 73 76 80 43 14 0 0
0 30 23 62 0 0 25 0 0 74 34 0 0 0 0 0 60 25 0 20 0 78 0 73 0 88 6 49 22 64 20 0 21 25 0 13 19 68 59 11 0 0 98 23 0 0 0 0 25 45 59 0 0 0 0 73 0 71 34 6 25 36 0 0 0 87 7 0 0 0 84 47 21 0 0 0 0 0 36 0 23 0 43 9 0 0 21 0 78 0 15 77 0 0 6 56 0 0 20 0 100 22 0 60 0 0 0 0 89 95 0 0 86 0 41 0 6 0 37 83 38 54 0 3 0 0 96 79 0 0
0 72 0 0 0 0 0 65 80 0 6 0 65 3 89 0 56 0 70 31 0 89 75 0 0 58 31 0 0 54 51 0 0 0 0 0 0 46 0 0 75 0 81 7 84 0 0 0 93 70 0 0 51 6 0 0 54 0 0 0 0 97 83 82 0 0 0 0 97 0 0 0 18 15 68 0 0 0 0 85 26 0 0 0 0 0 67 78 0 0 45 99 69 0 0 58 0 16 55 0 40 0 0 0 0 0 0 55 0 0 0 0 21 93 0 0 0 0 0 0 44 0 85 0 58 84 0 51 0 62
0 0 0 70 0 0 0 0 0 0 59 0 73 44 0 0 0 0 0 0 0 86 0 3 22 40 0 0 0 0 0 0 48 0 0 29 0 0 80 25 0 43 56 5 80 0 0 0 96 13 0 0 98 0 0 87 0 0 0 0 0 0 63 0 91 0 0 81 0 67 0 75 0 0 0 0 48 0 0 0 100 0 12 6 0 0 0 0 0 0 12 0 0 0 41 0 0 0 0 0 0 0 21 0 3 0 61 78 43 0 0 0 0 39 0 68 0 26 0 0 0 94 0 0 0 0 0 0 0 0
0 0 0 0 0 0 0 0 0 0 0 0 37 0 0 0 4 44 0 100 0 66 0 0 0 0 0 0 0 0 70 0 0 0 0 40 0 0 0 0 48 0 21 0 0 0 0 65 0 0 0 49 0 0 0 0 0 0 0 0 0 0 0 0 21 0 0 0 0 0 0 15 0 0 0 0 0 0 0 7 0 59 0 0 51 0 0 0 0 7 0 31 0 0 0 0 0 0 0 0 0 0 0 0 0 25 0 0 0 0 0 0 0 0 0 0 0 0 0 0 0 0 0 0 0 0 0 0 0 0
0 0 0 0 0 0 0 0 0 0 0 26 0 0 0 0 0 39 0 0 0 0 0 0 68 0 0 99 0 97 94 0 0 16 0 0 0 0 0 0 0 0 0 0 0 0 98 0 0 0 0 0 0 0 0 0 0 0 0 42 0 0 24 43 0 0 44 0 0 0 0 29 0 0 76 0 0 0 0 40 0 0 0 34 0 0 0 0 0 10 0 0 0 0 0 0 0 0 0 0 0 0 0 0 0 0 0 0 0 0 0 0 0 0 0 0 0 0 0 0 0 0 0 0 0 0 0 80 0 0
17 0 0 0 0 31 0 63 77 0 0 0 0 0 0 0 0 0 0 99 0 0 0 0 0 0 84 0 0 0 4 0 0 0 0 90 0 0 0 0 0 0 19 0 94 0 29 55 0 0 0 0 0 6 0 89 0 0 0 0 0 0 0 0 0 0 0 0 0 0 0 0 0 0 0 0 0 0 0 44 78 0 0 93 24 45 0 0 0 0 0 13 0 0 0 0 0 0 0 0 36 3 0 0 0 0 0 0 0 0 0 0 0 0 0 0 0 43 86 0 78 0 94 0 0 15 9 0 0 0
0 0 0 0 0 91 0 0 0 0 0 100 0 0 0 0 60 96 65 21 0 68 36 0 11 72 0 69 33 0 4 0 0 0 46 59 0 93 0 92 78 68 50 72 82 44 0 70 87 0 0 49 0 41 2 37 64 0 39 16 16 0 0 97 0 0 41 16 35 89 0 0 73 95 56 30 0 0 0 59 60 0 63 0 99 69 55 62 0 0 70 0 0 0 57 23 0 0 44 75 0 0 32 60 0 88 53 0 0 0 0 0 46 48 14 0 0 45 0 21 91 31 0 0 8 0 51 0 0 0
0 98 91 0 0 0 0 0 0 42 70 0 0 0 0 0 0 86 6 37 4 49 0 34 78 77 0 63 0 0 0 0 50 87 0 100 0 0 0 0 66 0 49 0 41 23 0 11 0 67 15 69 0 0 0 0 0 0 0 0 0 97 0 63 0 24 0 82 11 0 0 0 0 44 90 24 78 0 25 0 0 0 0 0 0 0 0 15 0 0 0 24 92 0 0 49 0 93 0 3 0 0 0 0 18 0 0 42 0 0 99 0 0 9 1 0 0 0 0 0 55 0 0 81 0 94 67 55 0 0
0 75 0 0 0 0 0 0 0 0 0 0 0 38 0 72 0 0 0 0 0 0 0 0 21 0 0 0 0 54 0 0 0 0 0 3 65 15 0 60 0 12 0 0 0 0 83 97 0 22 15 0 0 0 0 62 59 0 64 20 0 77 19 35 0 28 82 0 0 0 0 0 63 0 0 0 43 0 0 0 0 49 0 0 0 0 0 73 55 0 19 13 0 0 85 0 51 0 0 0 71 0 0 24 0 0 76 0 0 0 0 0 54 0 7 68 0 0 9 0 0 0 66 0 56 79 0 21 0 0
3 65 0 0 95 0 0 77 24 0 0 95 41 0 24 13 0 17 28 0 0 0 59 0 0 0 5 0 99 0 68 0 0 0 0 0 0 0 98 0 0 0 0 0 0 0 83 92 0 83 0 0 0 0 34 0 52 0 0 0 3 69 0 66 0 67 0 0 0 0 0 42 7 0 0 0 0 0 0 58 0 0 74 49 42 52 0 0 85 5 0 0 89 0 87 0 0 0 45 12 0 0 0 0 0 0 0 74 0 85 85 0 43 0 9 0 47 74 0 0 0 0 0 0 0 0 47 81 0 0
0 0 0 75 0 0 0 0 0 0 0 0 0 5 0 0 0 85 0 0 0 0 0 52 0 0 0 0 88 0 0 0 0 0 0 0 88 11 0 0 0 0 0 0 0 0 0 0 0 0 0 0 0 0 0 0 0 0 0 0 0 0 65 0 57 0 0 0 0 0 0 0 8 0 0 0 0 0 0 0 0 0 0 0 52 0 0 0 78 0 0 0 0 0 0 0 0 34 0 0 0 0 41 0 91 0 0 0 0 0 0 0 41 0 0 0 0 0 0 0 85 0 0 0 0 81 0 72 0 0
0 0 0 0 2 0 0 0 0 43 0 0 0 0 0 0 0 0 0 10 0 0 0 36 0 38 0 0 0 0 0 13 0 0 0 0 42 0 47 0 0 0 0 0 0 82 0 0 0 0 0 0 61 0 68 0 0 0 0 0 66 0 0 0 0 0 0 0 0 0 56 0 0 0 0 0 0 0 0 63 0 0 0 0 0 0 0 0 21 0 0 0 0 0 0 0 0 87 0 0 0 0 0 0 94 0 78 93 0 0 0 0 0 68 39 0 15 0 0 0 0 54 0 0 0 0 0 0 0 0
0 0 0 0 0 0 0 24 6 0 0 0 29 23 0 86 0 0 0 0 0 0 0 0 0 0 0 0 0 0 0 13 0 0 0 0 0 72 21 49 0 0 0 0 0 0 0 0 0 0 53 0 0 0 0 0 0 0 0 0 0 0 0 0 0 0 0 0 0 0 0 0 0 0 0 0 0 0 0 0 0 0 0 0 0 0 11 0 0 0 0 0 0 0 0 0 0 0 0 18 0 0 0 0 0 0 0 0 0 0 0 0 0 0 0 72 0 0 0 0 0 0 0 0 0 0 0 41 0 0
95 30 0 0 0 84 0 0 0 36 0 51 67 0 38 0 0 0 87 0 0 14 0 0 0 92 57 0 0 0 0 51 17 44 6 80 0 0 20 0 0 0 97 0 0 0 0 1 17 0 0 0 96 26 0 0 96 46 0 29 66 60 0 0 0 0 0 100 0 43 0 0 0 78 81 98 0 75 92 73 29 0 0 97 0 0 0 67 65 21 0 0 0 0 0 0 0 0 74 0 0 90 82 0 0 0 35 48 74 0 71 54 86 0 0 0 59 82 0 0 0 0 42 0 0 0 0 0 0 0
56 77 21 38 81 74 75 15 28 43 63 41 62 36 20 65 56 92 0 0 34 50 45 0 87 38 72 5 92 81 31 14 22 0 30 0 94 89 54 5 12 44 2 0 73 39 79 0 0 76 57 76 0 49 57 44 84 47 18 39 87 77 94 56 0 44 7 53 45 0 99 19 0 66 57 81 29 38 0 23 0 94 92 100 0 43 0 48 17 46 0 50 44 65 12 11 98 27 91 12 77 24 77 15 68 10 14 14 91 49 95 75 57 8 43 14 0 93 0 99 95 56 71 17 0 89 72 80 0 8
4 19 38 37 0 29 29 44 96 19 87 61 24 1 0 22 76 65 47 0 47 96 8 65 43 100 100 66 46 84 43 10 52 9 84 86 61 68 46 72 69 87 39 5 53 18 11 1 32 12 28 46 93 5 70 42 77 71 8 73 62 25 0 33 96 1 43 22 21 39 60 4 69 73 34 21 30 84 83 9 4 20 21 15 47 1 14 74 93 37 41 67 31 62 4 0 75 45 12 18 99 96 65 44 4 32 95 19 14 91 23 97 74 55 34 9 85 98 31 90 26 21 14 70 3 91 80 17 0 0
51 98 0 13 65 0 9 0 0 0 88 0 23 0 64 0 25 0 0 48 0 93 96 0 0 0 18 62 0 0 0 30 59 64 0 0 38 12 48 0 87 0 3 0 0 0 0 0 7 2 45 0 0 0 9 97 90 92 0 36 0 63 0 0 0 4 54 0 89 0 83 91 34 18 0 0 100 0 11 62 0 0 0 30 0 55 80 0 0 48 0 0 0 0 0 0 15 89 30 0 0 0 0 0 49 6 0 0 6 82 8 0 32 59 0 77 0 0 0 64 0 73 68 58 84 17 12 59 0 0
0 65 0 0 22 93 0 0 0 0 0 0 0 0 88 0 0 0 0 49 77 0 72 73 50 16 0 0 0 0 0 0 64 0 0 0 0 0 0 0 0 0 0 0 64 77 0 24 68 0 23 66 0 0 0 17 0 0 0 0 0 0 0 0 0 0 0 0 0 0 0 22 76 0 93 0 0 0 0 0 0 0 24 0 85 0 0 0 0 82 0 0 39 93 26 0 52 30 0 0 0 26 0 0 0 77 0 0 0 62 57 6 0 12 0 1 0 0 0 0 0 55 0 0 88 0 0 0 0 0
0 71 31 28 88 40 77 89 39 50 37 39 0 79 0 3 27 13 68 52 20 28 0 40 0 19 75 8 42 55 96 0 0 29 39 0 23 11 87 27 25 7 13 53 5 6 25 40 0 48 92 67 0 68 30 25 0 21 0 46 92 7 29 52 59 18 81 19 99 63 48 83 0 100 59 36 64 37 48 62 71 60 43 54 34 0 1 40 48 8 42 94 11 88 50 71 14 82 0 0 0 2 94 78 69 0 6 0 90 0 61 72 88 80 69 0 50 21 99 17 0 0 26 9 52 0 47 17 0 0
0 0 0 0 72 0 99 0 0 0 0 21 0 0 0 0 7 0 15 0 0 38 0 0 37 0 0 39 52 11 0 0 66 0 0 1 0 0 0 33 0 70 0 0 0 83 0 41 95 0 0 0 0 0 0 0 20 40 0 93 0 0 0 74 0 100 0 0 0 70 2 0 0 0 0 75 0 0 0 35 0 0 0 0 14 8 0 45 0 0 0 0 0 0 0 0 0 0 0 0 0 75 0 84 0 9 0 57 0 0 0 0 43 0 0 0 95 0 0 0 29 96 0 27 95 35 0 96 0 0
0 0 0 11 0 0 0 0 0 0 0 0 0 0 0 7 0 0 0 0 0 0 0 0 0 0 0 0 0 0 0 0 0 0 0 0 0 0 0 0 0 0 0 0 18 0 0 0 0 0 0 0 0 0 0 0 0 0 0 0 0 0 0 0 0 0 0 11 0 0 0 0 0 0 0 0 0 0 0 29 0 0 0 0 0 0 0 0 0 0 0 0 0 0 0 0 0 0 0 0 0 0 0 0 55 0 0 0 0 0 0 0 0 0 0 0 0 0 0 0 98 0 36 0 0 0 0 0 0 0
0 0 0 41 0 68 25 0 71 31 0 30 29 47 0 37 56 0 45 0 13 100 29 10 0 0 0 9 0 0 38 61 99 65 0 0 80 4 66 0 54 0 0 53 63 58 72 0 98 0 36 35 0 62 15 44 0 0 76 38 0 0 34 29 0 48 0 0 0 82 44 83 3 87 0 81 0 23 0 0 0 79 100 96 0 0 23 49 0 0 0 17 0 57 26 99 52 0 48 30 0 89 0 0 94 85 0 31 0 49 50 56 95 75 0 15 77 41 61 52 81 7 0 19 0 99 47 70 0 0
85 52 0 58 58 54 0 0 0 36 0 0 40 0 94 39 32 0 0 28 0 0 93 88 93 80 0 12 0 0 43 0 41 1 7 0 0 98 76 92 15 0 0 0 0 62 12 0 52 0 0 0 76 85 0 83 0 64 37 0 79 33 15 6 4 74 80 58 96 28 0 27 64 31 67 0 93 73 23 0 0 77 0 0 33 42 49 13 81 0 0 39 0 0 37 66 0 34 0 85 58 18 16 0 0 86 0 91 44 84 62 0 81 0 11 29 61 49 85 0 38 83 0 0 0 72 0 80 0 0
88 14 6 94 0 18 95 98 87 17 47 0 0 9 21 20 61 48 7 34 39 78 0 77 23 94 50 0 88 23 42 37 38 31 80 86 69 90 0 66 43 13 6 17 3 48 6 67 50 58 0 66 43 0 96 5 63 96 0 14 55 94 12 84 12 99 0 60 62 28 1 0 0 73 85 24 3 0 90 46 58 12 38 98 51 53 9 63 17 96 55 5 36 76 55 81 94 46 65 35 80 45 8 14 67 62 1 25 2 70 29 39 59 27 14 86 75 72 0 14 52 84 49 44 55 48 83 12 0 0
20 41 43 91 33 71 52 19 0 46 84 4 37 60 51 36 58 32 13 60 97 49 70 49 0 16 65 48 0 80 0 5 13 0 0 74 0 10 36 0 33 24 53 96 0 59 68 64 61 20 95 75 84 70 35 36 74 78 85 15 82 0 69 58 0 42 57 7 0 9 0 36 47 0 89 24 0 72 13 76 26 0 62 0 47 44 0 91 67 13 26 1 16 11 0 24 0 0 3 12 38 36 64 17 1 17 36 16 28 43 24 67 96 0 52 22 36 12 0 59 50 76 84 59 12 82 26 64 0 0
58 84 2 39 97 17 63 70 1 3 89 0 59 0 14 28 15 23 0 0 53 8 92 42 0 0 0 18 91 0 77 20 27 77 77 0 38 21 20 2 70 0 48 70 58 60 0 0 61 100 65 52 0 9 41 0 0 21 92 22 12 0 21 87 10 7 0 0 0 93 0 10 34 0 9 20 0 14 36 0 44 75 43 0 85 22 71 0 0 16 0 10 69 38 0 0 38 47 0 0 0 3 48 0 11 38 1 0 58 2 0 73 76 87 22 82 0 1 24 54 1 92 0 54 54 45 72 4 0 0
0 0 0 0 0 0 0 0 0 0 79 0 0 43 21 0 66 0 0 0 47 12 0 0 94 100 0 0 0 96 0 0 0 0 0 0 0 0 0 0 71 0 0 0 39 0 0 0 0 0 0 0 0 0 0 0 0 0 0 0 37 0 0 0 69 0 0 0 49 81 0 0 0 54 0 0 82 0 0 0 0 0 69 0 57 0 18 0 0 0 0 0 0 0 0 0 0 0 0 0 0 0 0 0 0 0 0 0 0 0 0 0 0 51 14 0 0 0 0 0 0 0 0 0 0 0 45 0 0 0
24 0 55 80 0 76 17 21 0 0 72 28 32 0 92 13 50 0 93 87 0 0 0 0 0 0 0 63 3 0 0 0 0 0 0 51 0 0 0 0 38 0 0 49 0 0 0 0 0 0 81 57 92 0 0 42 0 77 0 59 60 0 0 0 0 0 0 5 1 0 26 0 0 0 92 28 51 0 22 75 0 23 2 0 0 20 18 0 0 46 64 0 64 0 0 0 51 0 0 0 83 0 30 14 0 0 15 89 0 0 0 0 99 0 0 0 2 0 87 51 0 2 0 0 0 0 0 0 0 0
43 2 0 5 30 0 0 0 0 14 67 57 0 93 9 74 79 65 93 98 65 28 30 35 88 68 100 73 71 93 0 59 0 0 58 16 97 0 35 40 30 0 0 19 17 0 75 23 19 0 59 55 40 84 31 45 71 0 31 71 0 86 0 67 0 41 60 23 12 82 68 30 79 89 66 64 20 15 0 0 62 78 74 45 86 39 0 0 77 0 6 81 35 98 75 0 19 10 49 63 1 95 83 0 74 0 0 35 0 44 0 67 45 0 0 60 0 66 27 53 0 88 32 8 0 72 44 0 0 74
0 32 19 51 43 14 88 17 27 0 79 62 87 12 0 0 0 67 10 92 25 86 51 0 0 0 0 70 73 76 100 0 68 0 0 61 0 3 0 51 0 63 91 0 10 37 46 29 43 52 39 77 0 0 0 18 0 19 98 0 49 0 3 55 50 37 0 96 0 0 31 0 85 99 9 0 71 0 34 0 78 24 73 10 54 36 0 48 0 61 63 32 69 0 96 6 40 75 91 47 36 72 90 16 75 55 55 68 0 0 21 0 0 0 0 19 0 23 6 86 71 0 33 0 94 25 0 0 0 0
0 0 0 32 0 61 0 0 0 0 7 0 0 0 83 0 0 0 0 0 0 0 0 0 53 0 0 0 1 0 92 0 0 12 0 0 0 0 0 0 0 0 0 29 0 0 0 0 0 0 0 0 0 0 0 11 0 0 0 0 0 0 0 0 0 73 0 0 42 0 0 0 79 0 89 0 67 0 87 68 0 0 0 0 0 0 0 69 0 0 0 0 36 53 0 0 64 12 0 0 96 0 0 68 39 0 0 0 87 0 0 0 0 0 0 0 0 0 0 13 0 0 0 0 0 7 0 0 0 0
51 53 0 53 0 0 15 64 0 88 0 0 0 0 49 72 53 0 37 71 0 19 62 0 83 62 63 32 25 28 67 79 89 38 45 0 0 0 66 6 84 67 0 0 0 33 26 0 40 0 0 80 0 0 0 56 0 83 0 0 70 55 0 20 98 12 5 0 60 64 61 0 30 0 70 70 94 64 69 0 6 0 0 0 8 0 69 37 0 51 91 86 65 82 58 0 0 0 74 0 94 57 26 90 37 0 63 64 0 77 32 28 72 15 0 0 0 80 62 8 0 71 28 48 10 92 37 92 0 0
45 83 33 8 63 98 78 19 32 52 55 30 0 0 21 54 65 87 8 7 32 46 88 79 97 76 34 60 32 0 0 0 100 42 65 27 0 0 72 0 32 31 0 2 29 89 0 0 0 11 65 0 10 51 28 49 0 13 87 86 50 50 0 0 95 4 73 88 61 56 43 44 39 63 10 72 93 45 68 31 42 29 69 20 39 31 0 16 85 29 62 44 89 0 81 19 8 16 0 64 0 10 67 9 0 20 1 0 0 13 67 53 44 61 5 11 0 82 74 36 24 94 97 98 0 0 41 36 0 0
87 9 87 47 63 94 30 16 92 32 31 73 21 91 39 0 60 30 78 0 39 65 15 59 17 89 85 0 0 0 27 65 99 62 38 9 0 0 16 26 15 13 62 70 53 90 11 24 76 81 27 32 45 6 65 0 0 7 30 0 13 94 0 0 32 37 64 31 68 0 0 76 25 16 77 2 89 8 76 76 90 0 23 19 65 7 45 95 0 75 42 60 44 95 17 82 4 47 0 0 0 48 98 40 77 61 40 47 78 50 0 88 8 32 2 66 64 19 41 68 19 0 74 83 42 0 24 0 0 0
0 0 0 0 84 0 0 0 0 0 0 0 0 0 0 0 79 68 0 0 0 0 0 0 0 0 73 0 0 0 39 0 0 68 0 0 0 0 0 0 0 0 0 0 0 0 0 0 0 44 0 0 0 0 34 0 0 0 0 0 0 0 0 0 0 0 0 0 0 0 12 0 0 0 0 0 0 0 0 0 0 13 0 0 0 0 0 0 88 0 0 0 0 0 60 0 88 0 0 0 0 20 0 0 0 0 0 0 0 0 0 0 0 87 0 0 0 0 0 0 0 0 0 72 0 0 0 0 0 0
6 0 19 0 37 0 0 0 0 0 0 0 57 75 0 0 0 56 0 0 0 0 0 0 0 0 0 0 0 0 0 0 0 0 13 58 6 81 0 0 0 0 0 0 0 0 0 0 0 0 0 0 0 0 0 0 0 3 0 35 83 0 87 0 0 0 0 0 0 0 0 0 3 2 0 0 0 0 94 76 0 0 0 33 0 0 0 80 0 71 0 18 0 0 0 0 0 0 0 0 51 59 0 0 0 0 0 33 0 0 0 5 96 0 0 0 37 0 0 59 0 0 0 0 0 0 0 0 0 5
36 30 0 12 1 16 85 0 98 0 92 86 92 0 57 62 85 35 27 21 66 49 20 21 60 17 56 1 0 0 65 100 0 98 66 0 0 0 62 23 0 43 23 43 0 88 0 0 67 73 91 28 41 12 8 79 0 86 27 0 0 34 0 33 0 81 91 0 29 48 90 94 0 34 0 73 53 0 0 0 0 52 0 44 0 0 20 75 57 78 71 76 15 0 0 22 0 0 0 3 1 78 57 21 85 0 0 51 48 0 0 0 53 24 47 92 0 0 24 2 0 89 0 49 1 29 85 40 0 0
47 0 0 0 17 0 0 0 0 0 29 86 9 0 84 0 0 0 0 0 83 0 0 0 0 0 74 0 0 0 0 0 18 0 0 0 0 0 0 0 9 0 0 0 0 0 0 0 0 0 0 43 0 0 64 0 0 0 0 0 0 0 0 56 0 0 0 16 0 0 82 0 0 0 0 80 0 0 0 0 0 0 0 0 0 0 0 0 0 59 0 0 0 0 0 0 0 0 0 0 0 0 72 56 0 0 0 0 0 55 100 0 26 0 0 0 0 0 0 0 0 98 0 0 0 0 0 0 0 0
83 0 0 0 65 0 0 0 0 0 0 0 0 0 0 0 0 1 0 0 0 0 0 0 0 94 0 0 0 0 46 1 0 73 0 0 0 0 0 0 0 0 0 0 0 0 0 79 0 0 0 70 0 0 0 0 0 41 0 0 0 0 72 51 0 0 94 0 87 0 0 0 0 78 0 57 0 0 0 61 0 0 50 56 0 0 0 15 0 0 0 0 0 64 0 0 85 0 0 0 0 0 0 72 0 0 0 0 0 0 0 28 0 0 0 0 0 0 0 0 25 0 0 0 0 0 0 12 0 0
72 100 35 0 2 83 0 12 13 4 73 52 44 0 58 0 33 0 0 45 17 49 67 87 50 0 0 67 42 8 77 85 27 75 0 67 18 0 91 19 7 65 22 0 82 29 0 12 32 0 51 49 13 71 85 28 0 65 0 5 93 9 59 99 40 35 33 0 2 0 14 79 60 9 70 66 67 28 81 0 0 36 45 64 0 99 73 0 52 0 74 57 47 69 0 15 82 9 52 0 100 86 18 86 85 58 0 75 56 15 52 45 93 0 68 97 51 0 73 93 0 0 9 30 3 71 0 74 0 0
22 94 44 0 0 0 45 26 0 61 80 0 93 0 0 0 88 0 0 35 0 23 77 0 97 86 10 0 53 0 23 40 6 0 24 46 0 64 63 33 0 10 76 14 0 0 0 72 97 37 67 0 87 0 82 53 0 99 9 63 23 0 73 0 64 0 33 26 46 45 98 0 5 73 87 94 15 0 71 22 39 64 0 80 92 0 0 0 0 16 2 1 53 51 0 76 30 62 83 0 0 96 0 13 0 25 93 0 58 0 0 9 98 72 53 31 58 82 0 44 6 34 0 21 82 50 86 0 0 63
26 2 88 0 47 0 0 0 9 3 1 0 0 6 59 56 50 0 7 46 89 0 0 62 0 63 88 0 0 0 0 73 0 53 0 0 0 0 0 91 26 44 78 74 18 0 20 0 0 0 0 0 0 0 0 0 1 0 0 9 3 72 73 0 51 0 0 50 0 0 0 27 42 0 14 0 87 38 21 0 41 0 22 72 2 0 83 63 97 0 63 57 7 79 74 41 16 50 49 0 57 0 41 63 92 84 49 0 66 21 40 66 80 0 94 0 0 32 29 40 2 78 38 67 37 0 0 0 0 66
92 98 38 89 32 0 14 73 24 75 51 49 17 65 53 17 23 23 70 85 44 0 0 57 14 81 95 58 70 83 28 29 0 7 50 11 79 28 92 41 87 0 76 1 87 90 0 40 42 56 80 20 79 75 48 1 34 90 0 72 58 85 84 14 16 9 14 26 45 80 14 78 64 0 84 32 70 19 30 58 80 31 81 93 97 11 0 36 60 92 30 15 6 46 24 74 0 48 52 22 21 13 4 47 30 37 71 85 0 31 16 0 74 27 0 0 66 0 70 65 96 53 52 57 19 98 0 0 0 0
0 78 0 0 32 10 85 80 0 16 0 8 0 6 16 72 0 10 26 63 13 56 59 5 46 0 77 74 0 31 0 42 6 50 0 0 0 62 0 0 0 16 8 82 0 74 40 0 75 38 0 45 0 0 0 9 0 66 3 45 0 99 1 2 8 37 94 34 20 0 26 0 93 94 19 0 1 53 38 38 0 0 0 75 63 92 35 41 4 0 81 46 23 11 0 12 60 76 79 0 0 41 51 75 0 0 4 60 95 35 0 13 73 0 0 8 73 57 5 0 32 0 0 30 41 27 0 34 0 0
37 13 32 47 0 25 0 57 83 36 69 1 75 32 48 41 98 49 18 15 27 68 15 63 85 89 68 29 14 43 73 0 48 27 89 0 20 49 19 37 1 0 48 47 75 29 66 0 0 81 29 8 0 74 30 10 52 28 58 29 72 40 9 51 85 65 97 79 86 49 75 11 48 6 62 74 11 41 79 99 87 0 0 61 86 57 29 82 44 13 43 85 45 0 19 0 16 39 5 79 2 64 38 71 97 35 88 3 18 46 0 67 51 39 19 88 72 0 97 78 56 39 60 0 0 19 63 92 0 0
0 0 0 0 0 12 0 0 0 0 0 0 0 0 3 0 11 0 0 21 0 0 66 48 0 0 0 0 0 0 0 0 0 0 0 0 11 32 68 0 58 0 10 0 0 0 0 0 0 0 0 0 0 0 80 0 0 0 0 0 21 0 0 0 0 0 0 39 0 85 0 0 0 0 0 0 0 0 0 0 71 0 43 1 0 0 0 0 1 0 66 0 45 0 0 60 3 74 0 54 0 0 0 0 0 91 65 0 0 0 0 0 0 0 0 0 0 0 0 0 0 0 0 94 0 0 86 81 0 0
85 79 89 73 46 0 0 99 65 79 0 41 28 67 50 76 32 82 0 49 64 0 0 49 0 0 0 68 0 3 31 0 26 0 57 0 37 0 0 79 97 0 74 0 0 39 89 71 38 0 0 0 45 36 0 11 0 76 39 0 86 0 31 5 5 0 28 0 0 0 89 5 46 16 0 96 52 45 0 64 96 0 62 3 29 31 23 33 0 0 42 0 65 27 96 65 65 0 21 0 58 51 0 0 84 31 0 0 12 83 92 71 26 97 55 77 0 31 64 82 42 29 0 0 0 24 0 33 0 0
100 44 57 22 69 97 10 84 39 85 96 61 38 5 97 67 95 80 77 36 32 0 45 41 56 33 51 2 49 0 8 0 93 69 3 98 6 70 43 5 0 89 65 0 50 65 0 58 9 50 99 0 73 1 26 20 85 0 62 96 97 58 17 70 20 42 78 47 52 70 0 80 92 68 86 74 26 24 62 0 0 76 61 4 19 0 84 44 51 73 11 59 100 12 0 68 0 70 57 72 25 95 72 17 10 0 78 17 2 7 0 88 37 79 47 0 0 93 78 71 69 0 0 93 37 0 51 26 0 0
41 7 0 74 37 0 70 0 7 0 0 0 2 84 97 0 9 0 0 32 97 0 0 0 73 16 71 0 23 0 0 0 0 0 0 48 0 0 0 0 46 0 11 0 0 9 0 0 0 0 95 0 0 86 50 0 69 69 0 37 0 0 50 0 0 15 0 94 0 0 85 0 3 0 0 0 0 0 0 0 0 97 0 0 45 86 0 86 0 47 62 23 0 0 0 0 0 0 14 0 70 0 77 83 27 0 22 12 0 0 0 10 0 0 0 0 0 0 0 0 91 65 58 0 0 50 14 0 0 0
0 7 66 0 0 0 0 0 0 0 0 53 49 0 0 0 36 0 0 0 0 0 71 34 0 0 0 0 78 0 0 0 25 0 0 0 41 0 34 0 18 38 0 0 0 0 0 0 94 83 0 33 0 0 0 0 0 53 0 0 0 0 100 0 28 0 0 0 43 0 60 76 0 0 71 0 28 80 67 0 76 0 0 0 98 0 0 0 0 93 0 75 89 3 68 0 0 0 0 10 0 0 46 0 0 66 0 65 0 0 0 0 0 0 0 89 25 50 0 0 0 0 74 18 0 0 0 0 0 0
0 0 0 0 0 0 0 0 0 0 0 0 22 0 0 0 0 0 0 0 0 0 0 0 5 0 91 0 0 0 0 0 0 0 0 29 0 0 0 0 0 0 0 0 0 0 3 0 0 0 38 0 0 0 0 0 0 0 0 0 0 0 0 0 0 0 0 0 0 0 32 0 0 0 0 0 0 0 0 0 3 35 0 25 0 0 0 0 0 0 0 0 0 16 0 0 0 0 0 0 0 0 0 0 0 0 0 0 0 0 0 0 0 0 0 0 0 0 0 0 0 0 0 0 0 0 0 0 0 0
6 0 31 0 51 0 0 86 0 0 0 58 58 81 56 14 0 0 45 41 37 91 36 87 0 0 0 0 0 35 11 0 2 45 0 11 0 89 82 0 0 0 34 40 83 0 45 0 69 70 0 13 48 0 18 0 30 9 85 49 0 0 1 0 95 0 0 95 72 0 92 18 32 0 0 0 0 0 8 86 0 87 66 27 0 11 75 0 100 42 0 0 70 0 0 0 27 96 68 0 79 90 86 0 92 79 71 66 0 0 99 0 54 51 0 0 9 0 67 99 93 51 0 11 100 0 57 2 0 0
0 0 0 0 4 92 0 44 25 0 0 0 77 31 12 67 0 58 58 0 0 0 0 47 71 0 0 99 34 92 0 62 100 0 87 0 81 0 19 0 0 0 65 86 0 0 0 0 55 34 51 0 81 89 15 0 0 0 0 0 30 35 0 45 20 61 33 0 83 8 61 0 0 51 0 14 19 0 0 0 40 0 28 0 46 34 0 12 0 68 0 0 33 0 10 0 0 43 0 0 67 0 0 0 0 14 0 75 57 0 98 100 89 68 57 0 6 0 0 0 0 0 93 0 0 97 75 89 0 74
11 31 59 37 30 0 5 88 25 37 74 78 34 43 61 84 0 55 53 18 25 22 99 92 13 86 62 50 44 67 55 51 9 13 42 34 38 64 32 52 12 95 67 55 42 86 36 27 95 56 63 60 36 50 74 52 77 0 55 22 89 72 96 69 61 11 95 59 15 24 91 3 11 93 0 73 0 67 33 68 35 49 4 0 49 95 45 2 83 40 92 97 39 26 0 82 91 18 11 80 98 90 2 0 65 0 24 97 54 42 50 20 81 78 7 52 81 10 23 70 98 51 33 40 12 16 41 94 0 0
16 53 0 0 0 0 68 25 57 93 70 65 73 39 16 0 0 24 57 17 11 63 11 56 38 25 67 90 95 0 75 28 33 64 21 13 76 61 67 96 0 0 81 32 60 45 0 8 0 95 9 69 55 42 4 1 99 10 0 43 18 51 0 32 95 2 86 96 67 0 85 20 38 0 28 45 78 75 0 89 11 69 54 44 38 0 91 7 30 52 92 99 13 68 44 57 97 56 2 64 35 0 0 92 5 39 54 98 0 51 57 55 97 4 89 42 68 49 0 57 0 41 55 57 64 0 81 36 0 0
61 0 44 17 11 0 13 56 23 0 56 57 78 86 60 53 0 8 0 49 98 8 0 96 19 0 22 61 66 0 25 87 27 0 60 83 0 38 0 0 0 30 90 0 0 4 61 0 52 77 41 79 29 0 0 97 54 58 51 0 0 23 41 0 92 82 74 75 96 0 62 0 55 61 4 0 48 67 21 51 87 21 0 0 0 94 0 22 65 70 57 4 80 20 0 0 63 73 3 88 58 0 7 100 62 0 57 0 0 44 49 70 29 80 94 0 79 33 0 59 0 58 0 84 93 1 12 99 0 0
79 50 0 33 55 0 43 26 0 100 28 0 0 93 92 38 0 0 0 65 30 0 0 0 56 0 0 36 8 68 0 3 0 24 12 0 0 24 60 58 21 0 0 0 100 16 17 76 61 0 0 0 0 0 0 36 26 0 0 0 0 26 60 0 0 0 75 79 53 76 11 19 0 0 9 0 67 28 22 94 0 0 0 0 0 0 69 0 72 54 10 0 66 0 91 0 0 0 60 0 78 98 52 36 12 0 0 2 86 1 93 0 9 3 69 0 64 0 25 1 0 96 61 29 0 56 26 15 0 0
66 0 33 0 48 0 18 22 9 50 85 88 88 44 5 60 0 2 23 27 27 6 80 5 78 32 0 0 0 10 21 89 67 38 59 0 100 24 0 0 5 92 95 24 65 52 6 8 63 70 9 0 0 86 0 0 0 0 87 22 6 0 8 47 57 40 45 14 37 0 63 47 31 22 18 30 14 95 31 77 63 0 48 19 44 71 34 0 25 85 26 0 80 69 8 29 0 60 55 0 40 0 83 86 72 0 76 48 31 0 94 84 41 0 68 73 44 5 73 22 0 0 27 0 98 76 8 1 0 0
48 0 47 0 0 69 20 0 0 21 0 0 0 0 0 0 19 94 0 0 0 0 0 73 0 0 0 0 0 0 0 0 0 0 0 0 0 0 0 0 0 0 0 0 0 0 0 0 0 0 87 49 0 0 0 0 0 0 0 0 0 0 0 0 0 0 0 0 63 0 0 0 0 0 0 0 0 0 0 0 8 0 0 0 0 0 0 0 0 0 0 0 0 33 0 88 0 31 0 0 0 30 0 0 97 0 49 0 0 0 0 0 0 0 0 10 0 0 0 41 0 0 0 0 0 1 0 0 0 0
68 52 14 14 79 0 0 0 0 31 0 77 0 51 24 0 9 73 73 39 22 84 16 56 0 3 55 42 0 71 29 2 0 55 0 0 44 0 58 57 100 30 52 27 7 0 0 54 47 97 0 0 64 1 0 0 0 0 0 77 75 40 53 0 38 84 55 0 0 40 62 92 0 84 0 22 0 58 81 60 0 0 13 0 0 0 17 0 29 22 0 0 26 45 56 49 0 73 21 50 93 14 0 9 84 0 0 95 54 0 0 36 0 77 0 42 27 48 0 30 48 29 0 0 56 82 0 4 0 0
89 0 0 99 0 0 97 36 21 0 0 25 44 92 41 48 0 0 0 0 0 47 66 79 23 0 5 36 26 44 0 4 0 0 84 0 0 51 0 0 0 0 3 40 74 10 0 0 56 0 0 0 21 0 65 0 24 6 73 0 23 0 0 0 0 12 24 0 0 0 37 27 19 16 89 0 95 0 27 90 78 12 35 40 0 0 81 0 0 0 58 0 62 99 0 95 31 0 88 0 0 0 52 0 0 0 29 0 0 0 54 0 69 0 77 87 0 83 71 46 0 88 20 77 4 9 0 0 0 0
87 6 91 16 83 38 55 14 21 21 30 71 85 85 92 52 47 55 94 22 68 52 21 22 78 88 50 24 97 14 63 22 13 52 25 91 5 76 58 72 99 44 65 25 73 90 58 0 77 16 50 48 15 77 19 5 64 71 20 5 1 79 16 70 83 0 29 72 88 1 97 42 16 39 23 48 93 45 13 69 37 88 80 86 90 89 62 47 50 37 48 28 91 32 86 49 97 69 0 65 59 53 64 9 34 46 44 92 8 26 27 93 91 31 14 96 56 67 22 77 2 64 12 34 70 18 79 89 0 0
0 16 0 0 0 0 0 0 44 0 7 0 22 0 0 0 0 79 23 0 0 0 0 0 54 25 19 0 15 51 56 31 52 0 0 0 0 66 0 37 0 0 24 91 0 0 0 0 0 0 0 30 0 0 70 35 0 40 0 0 0 84 0 0 11 0 0 0 0 0 16 0 0 0 0 22 0 0 62 0 0 63 63 0 0 0 22 56 0 1 0 0 0 0 76 27 0 0 0 0 0 97 0 0 51 0 0 0 0 0 0 0 97 43 0 0 13 0 50 25 0 76 33 0 50 15 42 0 0 0
0 86 63 0 0 42 0 0 0 0 0 0 86 0 0 0 22 0 0 0 0 60 0 0 0 36 0 0 0 35 27 0 0 0 0 0 76 0 0 0 0 1 0 0 0 0 26 0 0 0 0 0 0 0 0 0 0 8 0 0 65 0 55 0 0 13 0 0 0 0 53 82 22 56 0 0 0 0 0 93 0 0 96 0 0 93 0 0 0 0 0 0 0 0 0 0 0 0 0 0 0 0 0 0 0 0 0 0 0 87 0 0 0 0 0 0 88 0 0 0 0 0 0 0 0 0 14 0 0 0
0 0 0 54 34 0 0 77 17 31 98 83 10 0 0 0 0 0 0 0 76 34 87 0 68 0 9 0 57 0 0 0 0 0 72 71 0 0 0 0 0 0 0 55 0 0 56 0 16 0 65 0 69 0 0 0 78 0 0 0 72 0 0 0 0 0 0 0 0 0 0 0 0 48 0 21 71 0 0 37 0 19 0 68 0 17 0 0 0 0 90 97 0 0 30 0 0 0 2 0 0 0 57 47 0 0 49 0 55 46 1 0 0 0 0 44 92 0 0 0 0 0 0 0 31 0 0 92 0 0
37 0 82 0 50 88 65 83 18 0 10 85 56 0 44 81 0 24 12 29 30 40 76 0 0 15 62 22 0 34 74 0 0 87 69 0 38 1 0 0 67 0 74 22 0 36 0 0 79 49 8 67 91 0 0 25 94 50 72 0 0 0 0 94 58 0 0 0 0 0 28 2 67 17 95 31 73 0 14 47 3 42 0 0 97 83 85 27 14 0 0 0 74 12 0 16 0 42 4 15 85 0 0 89 72 68 84 63 8 49 4 18 6 75 0 0 42 2 10 0 92 0 26 60 97 30 30 25 0 0
0 0 0 20 0 71 77 28 0 0 0 0 0 0 51 0 0 0 0 0 0 0 0 0 9 0 0 0 0 0 17 0 0 0 38 0 0 0 23 0 0 0 34 0 0 0 0 0 0 0 0 0 0 0 0 0 0 0 0 36 48 0 17 0 56 0 45 42 0 0 0 0 96 0 0 0 0 0 0 38 0 0 0 0 0 0 0 0 87 0 0 0 0 0 0 0 74 0 0 0 0 0 0 20 0 0 0 0 55 0 0 0 0 0 0 29 0 0 0 0 0 0 0 0 46 44 0 0 0 80
38 0 38 0 55 77 91 86 0 69 61 98 68 99 0 0 0 22 8 100 0 0 72 94 45 31 26 0 0 5 18 38 49 96 45 43 23 0 0 0 36 39 0 1 23 47 25 79 0 27 0 79 45 0 65 90 36 6 28 92 6 0 56 52 85 57 0 11 98 74 1 0 0 0 84 0 47 59 58 0 0 12 39 0 70 0 0 72 69 7 49 21 0 46 56 44 36 22 0 0 52 16 0 0 0 0 0 28 85 6 0 0 0 48 0 6 70 0 69 79 44 1 0 0 73 19 9 76 0 0
0 6 59 71 95 54 52 13 43 19 35 0 14 6 0 28 0 50 11 0 61 88 50 92 80 34 85 7 0 63 57 90 0 0 0 70 0 19 0 0 32 0 99 50 49 59 35 0 77 63 18 0 27 27 24 21 16 60 87 89 79 0 48 17 0 45 92 27 62 74 0 65 0 0 53 80 0 93 54 0 41 32 0 0 99 0 80 0 0 0 1 68 22 4 90 0 31 0 0 69 0 40 65 11 87 91 0 24 50 3 38 99 9 22 71 8 19 42 15 77 79 28 1 25 17 0 42 89 0 0
0 0 0 69 0 0 0 0 0 0 0 0 0 0 0 0 0 0 0 0 0 0 0 0 0 0 0 0 0 0 0 0 0 0 0 0 0 0 0 0 0 0 0 0 0 0 0 0 0 0 0 0 0 0 0 0 0 0 0 0 0 0 100 0 0 0 0 0 0 0 0 0 0 0 0 0 82 0 0 0 0 0 0 0 0 0 0 0 0 0 0 0 0 0 0 0 0 0 0 0 0 0 0 0 0 0 0 0 12 0 0 0 0 0 0 0 0 0 0 0 0 0 0 0 0 0 0 0 0 0
0 0 0 0 0 40 0 0 0 0 0 0 0 0 0 0 0 0 0 0 0 0 0 0 0 52 0 81 0 0 0 0 0 0 0 0 0 0 0 61 0 0 0 0 0 0 0 0 0 0 0 0 0 0 0 5 0 0 0 0 0 0 0 0 74 0 0 0 0 0 0 0 0 0 0 0 0 0 0 0 0 0 0 0 0 0 0 0 0 0 0 0 0 0 0 0 0 0 0 0 0 0 0 0 0 0 0 0 0 0 0 0 0 0 0 0 0 0 0 0 0 0 0 0 0 0 0 0 0 0
0 0 0 0 49 0 0 0 0 50 0 20 0 0 49 0 79 93 72 0 56 75 0 43 0 0 55 19 0 88 0 0 0 89 0 67 0 0 0 0 0 93 0 29 93 49 0 76 35 10 0 88 0 0 0 0 31 0 0 0 0 0 0 57 0 0 0 0 0 0 0 0 100 23 0 0 50 0 30 0 0 0 0 0 0 47 61 82 0 95 21 0 0 0 0 0 0 63 0 0 0 0 0 55 0 0 0 46 0 0 29 0 0 61 0 0 0 28 0 0 30 29 0 0 0 0 0 0 0 0
0 0 0 0 0 23 28 0 0 0 0 0 6 0 0 0 0 0 0 0 0 0 0 0 0 44 68 0 0 0 0 0 0 0 0 0 0 0 0 12 0 84 0 0 0 0 0 0 0 0 0 0 0 0 0 0 0 0 0 0 0 0 0 0 0 0 0 0 0 0 0 0 0 0 0 0 0 0 43 0 0 0 0 0 0 0 0 0 0 0 0 0 0 0 0 21 0 0 0 0 0 88 0 0 0 0 0 0 0 52 29 47 0 0 44 0 0 0 0 0 0 0 0 0 0 17 0 0 0 68
87 0 0 0 0 0 0 0 0 0 0 0 0 0 99 0 3 0 0 0 0 0 0 0 0 0 0 0 51 0 61 0 0 0 89 0 0 0 5 0 0 0 0 0 10 0 0 0 0 0 0 0 0 0 0 0 0 0 0 0 0 0 0 0 0 0 0 0 0 0 0 0 0 0 0 0 0 0 0 0 0 0 0 0 0 0 0 0 0 0 0 0 0 0 0 0 0 0 0 0 0 0 0 0 0 0 0 0 0 39 0 0 0 0 0 0 0 0 0 0 0 0 0 34 0 0 0 0 0 0
0 0 0 0 0 0 0 0 0 0 0 0 0 0 0 0 0 0 0 0 0 0 0 0 0 0 0 0 0 0 0 0 0 0 0 0 0 0 0 0 0 0 0 0 0 0 0 0 0 0 0 0 0 0 0 0 0 0 0 0 0 0 0 0 0 0 52 0 0 0 0 0 0 0 0 0 0 0 0 0 0 0 0 0 0 0 0 0 0 0 0 45 0 0 0 0 0 0 0 0 0 0 0 0 0 0 0 0 0 0 0 0 0 0 0 0 0 0 58 0 0 0 0 0 0 0 0 0 0 0
0 0 0 0 0 91 0 0 0 0 0 79 0 0 0 8 0 0 0 0 0 0 0 0 0 0 18 0 48 36 0 100 48 0 57 0 52 0 0 0 0 0 0 0 77 0 0 0 0 0 0 0 0 0 0 65 0 78 0 0 0 0 0 0 0 0 0 0 0 0 43 0 0 0 32 90 0 30 19 0 0 0 0 0 93 0 0 0 0 0 0 0 39 0 0 86 0 0 0 0 44 0 40 0 79 0 0 0 0 0 0 0 0 0 76 37 70 0 0 79 0 0 0 55 0 0 0 0 0 0
67 69 0 20 90 14 26 11 0 61 43 82 0 0 4 15 88 0 48 38 82 25 37 29 51 29 7 29 77 9 51 71 10 38 76 12 96 73 62 39 21 77 0 56 48 3 14 90 36 50 65 63 0 39 0 77 36 2 89 93 0 95 92 63 7 0 45 53 0 1 0 0 74 79 0 29 0 51 16 33 0 23 0 54 16 64 0 8 6 1 71 49 55 10 74 80 65 36 88 7 34 87 84 84 70 47 0 23 15 0 44 13 30 10 81 45 0 0 44 97 0 17 97 38 0 79 15 44 0 0
21 71 12 32 72 64 90 80 33 90 17 88 97 62 62 24 13 86 20 1 18 52 87 9 42 41 0 27 21 55 91 0 45 73 20 0 16 8 72 56 46 0 55 0 73 76 38 0 2 0 21 92 72 43 0 30 75 10 36 58 6 77 97 67 0 97 51 11 84 17 72 98 65 45 78 4 74 51 35 10 6 0 0 100 76 93 83 0 1 71 0 57 76 63 79 51 18 0 46 0 73 56 93 40 35 0 1 10 51 85 47 50 26 0 85 60 78 55 23 14 79 0 2 38 8 32 66 1 0 0
0 54 30 11 5 43 54 20 0 97 0 95 66 0 16 74 22 63 53 65 20 67 0 22 75 41 0 0 44 27 68 23 0 20 29 65 2 0 51 76 10 61 0 0 55 70 65 85 52 84 0 4 14 0 53 8 50 1 90 62 0 67 40 0 74 44 0 23 23 43 47 67 38 24 31 0 7 99 24 0 18 50 0 35 22 0 0 61 84 85 90 53 66 36 0 0 91 47 95 0 0 0 1 0 84 37 0 46 60 0 34 80 20 25 76 90 61 79 0 0 0 9 5 0 0 0 39 0 0 0
26 0 0 31 17 46 100 56 0 58 0 0 2 82 66 0 87 100 0 53 94 55 0 57 53 0 97 33 69 78 50 5 46 19 50 69 82 27 0 0 71 27 0 23 29 0 52 0 27 42 0 0 92 0 9 0 44 0 0 77 52 0 40 0 37 91 0 23 17 87 67 2 75 44 0 0 0 20 22 54 12 42 54 0 15 93 0 44 60 49 38 0 37 29 97 80 0 86 37 80 46 52 2 84 65 79 0 42 83 22 0 0 66 0 60 0 0 41 41 51 47 87 0 63 0 10 59 92 0 0
8 0 54 1 71 65 0 55 61 85 63 100 35 30 52 68 48 0 61 0 3 33 37 43 0 22 0 46 75 45 85 53 71 22 0 4 20 1 75 56 55 88 73 0 0 54 0 0 42 23 12 81 40 16 15 70 0 40 14 24 0 11 78 0 0 4 18 63 64 35 0 0 29 0 93 82 57 17 0 0 19 60 18 0 0 0 0 0 0 79 84 0 72 29 34 0 0 0 47 0 66 0 77 40 51 0 8 9 48 48 0 48 82 0 25 0 2 27 0 57 0 73 0 11 19 0 0 0 0 0
0 13 67 28 21 42 30 3 75 2 30 0 69 2 36 86 0 39 75 39 0 93 87 77 30 0 46 35 75 0 64 0 0 0 0 54 55 78 32 73 85 80 0 49 88 45 88 55 0 77 73 13 75 37 22 0 49 70 51 0 55 95 51 44 62 73 55 27 62 81 77 42 49 88 69 0 0 0 64 37 91 90 45 48 34 0 86 0 62 0 100 96 6 33 70 0 9 35 95 0 0 78 51 25 71 3 53 0 79 0 30 23 0 46 68 28 18 36 0 94 71 0 69 47 50 90 55 49 0 0
11 83 51 70 0 0 19 0 87 72 0 63 88 0 53 95 7 92 0 0 93 0 0 0 0 0 41 0 92 52 45 0 1 0 20 17 0 0 43 0 0 0 0 0 18 0 0 0 45 0 0 0 0 45 0 78 39 0 10 0 0 0 14 0 0 0 0 80 87 0 0 0 93 39 0 0 88 0 0 51 0 64 0 100 41 0 0 70 13 0 0 0 41 0 0 0 11 91 0 0 19 0 0 77 39 0 78 0 0 0 89 0 89 84 76 47 70 0 0 0 0 0 0 0 0 5 0 0 0 0
42 55 13 91 0 30 0 82 0 28 47 57 64 82 24 0 66 0 0 20 0 0 34 0 0 0 81 0 92 85 0 0 0 0 0 0 22 0 0 0 0 0 0 0 0 0 0 0 2 71 0 0 0 0 0 0 0 0 41 22 0 0 52 0 86 0 24 0 0 0 0 97 0 96 89 0 0 0 21 21 0 83 0 0 0 11 33 0 20 0 0 52 0 25 0 0 0 0 0 0 0 0 60 0 0 0 75 99 55 0 0 0 66 59 8 0 0 0 46 58 59 92 57 0 0 38 23 91 0 0
12 0 0 33 20 95 59 2 88 2 51 0 0 9 0 0 20 60 0 60 0 49 3 78 83 0 85 44 0 0 16 77 0 86 21 0 0 66 4 31 29 11 0 33 80 15 0 71 61 0 45 45 28 31 99 3 97 26 99 44 15 0 10 56 47 27 52 0 21 25 84 75 0 4 25 29 71 75 45 61 8 0 0 0 74 77 70 93 0 49 18 71 62 28 71 0 70 21 0 8 0 9 37 25 24 30 56 0 0 21 42 82 0 7 64 77 68 0 61 78 29 96 0 0 70 84 68 33 0 0
0 0 0 0 0 0 0 0 0 0 0 0 0 0 0 0 0 0 0 0 0 0 0 0 0 0 0 0 0 0 0 0 0 0 90 0 0 45 0 0 0 0 0 0 0 0 0 0 0 0 0 0 0 0 0 0 0 0 0 0 0 0 0 0 0 0 0 0 0 0 0 0 0 0 0 0 0 0 0 0 0 0 0 0 0 0 0 0 0 0 0 0 0 0 0 0 0 0 0 0 57 0 0 0 0 0 0 0 0 0 0 0 0 0 0 0 0 0 0 0 0 0 0 0 0 0 0 0 0 0
57 73 0 0 76 31 100 70 0 0 0 0 99 18 0 13 0 0 0 0 0 0 14 0 2 60 80 0 31 88 0 0 31 0 0 0 0 0 64 0 0 0 0 0 0 0 0 0 48 0 0 0 0 0 91 0 32 0 46 0 0 0 64 0 17 0 0 0 98 0 70 0 0 11 90 0 42 3 0 41 12 0 72 75 0 0 40 0 0 11 0 0 0 0 30 0 0 0 100 0 0 25 0 99 0 0 0 0 0 83 36 100 0 0 65 0 0 24 0 35 0 0 5 16 0 0 43 0 0 0
0 0 92 85 89 93 25 7 60 50 41 0 96 0 37 23 78 35 25 15 0 33 63 68 25 0 0 9 57 0 15 64 68 20 0 90 0 93 0 0 0 55 0 28 0 0 51 88 60 28 87 0 72 51 87 0 89 17 74 0 82 13 0 0 0 0 76 51 33 26 44 0 22 0 86 0 73 69 3 0 0 0 85 0 13 60 40 0 25 0 0 0 87 54 66 48 90 0 99 42 92 89 38 65 0 12 51 4 80 0 32 43 39 86 73 43 17 63 21 96 37 92 0 52 100 29 23 66 0 0
73 70 58 64 9 0 0 68 20 0 0 68 0 0 70 71 0 0 0 4 11 57 0 0 0 97 0 0 93 0 0 0 25 0 0 0 0 98 0 22 0 10 0 0 51 0 55 50 84 0 49 0 0 0 88 28 0 0 0 0 0 0 66 0 10 0 0 0 71 0 1 79 0 0 0 36 0 0 2 0 0 56 0 0 62 0 0 0 0 0 0 65 0 0 0 0 43 0 0 16 0 7 50 0 24 18 21 0 0 0 0 70 0 0 0 0 68 0 77 0 62 0 0 29 95 0 0 25 0 0
0 0 71 0 16 7 0 0 0 0 0 74 92 0 71 0 84 9 90 14 8 58 72 0 43 1 0 0 21 52 0 0 0 0 0 0 0 0 0 0 7 0 0 0 18 0 0 56 0 4 39 0 24 80 0 27 0 0 78 0 53 38 49 23 41 54 90 0 70 37 0 91 25 22 37 0 40 0 4 93 97 0 51 72 30 0 0 3 0 8 0 0 16 0 36 28 50 0 62 15 0 75 44 0 0 0 0 0 0 16 77 50 38 0 64 54 3 0 0 0 0 0 56 0 0 0 0 59 0 0
20 0 0 0 73 0 0 0 57 0 0 0 0 0 90 0 0 0 0 19 0 5 6 0 0 0 0 0 0 0 0 58 0 0 11 0 34 99 0 0 0 0 41 0 0 0 0 0 0 0 0 29 0 0 0 0 0 0 0 47 0 0 0 0 0 0 0 0 0 0 52 0 0 0 43 0 0 76 0 0 0 33 0 0 1 0 0 100 0 40 0 0 0 0 0 0 0 0 89 0 0 61 0 0 0 0 11 44 23 0 0 0 0 10 0 0 16 0 0 0 0 0 0 0 77 0 0 0 0 0
0 0 0 10 0 9 0 0 48 0 0 0 60 0 0 0 0 0 0 79 0 0 0 0 0 0 0 0 0 0 0 0 0 92 30 7 97 0 18 0 0 0 15 0 0 0 35 0 0 0 0 0 0 0 0 0 0 0 0 0 16 0 0 0 0 0 0 0 0 0 11 0 0 98 9 54 0 0 35 0 0 0 18 0 0 0 0 91 0 0 0 0 0 0 0 0 0 0 0 0 0 0 0 0 0 0 59 0 54 41 0 0 0 0 0 82 0 0 30 0 0 0 0 0 0 0 0 0 0 0
0 31 0 0 22 0 0 50 21 69 62 63 0 0 0 23 6 43 26 34 3 55 14 20 65 0 28 0 78 24 16 0 24 0 0 74 0 12 0 5 25 77 68 0 27 0 62 11 0 18 62 94 77 85 51 64 29 26 38 4 0 57 47 14 0 37 0 0 0 8 0 0 25 12 63 31 47 0 39 0 67 8 0 0 15 17 0 20 39 76 42 0 77 82 95 99 0 0 43 2 0 32 0 0 92 90 46 28 4 0 48 80 0 76 47 0 0 57 0 89 0 19 60 0 65 93 0 65 0 0
0 26 52 52 27 0 18 0 35 72 66 51 44 13 0 81 50 43 0 85 69 0 84 0 0 33 0 0 32 1 48 0 0 0 0 0 91 44 27 29 71 0 15 45 0 97 13 0 43 9 0 98 72 0 98 84 0 91 0 92 1 0 40 46 7 55 2 0 0 0 0 0 22 54 0 0 100 0 0 0 94 0 6 91 0 0 0 0 0 57 95 0 0 92 78 0 97 0 89 0 0 44 0 19 0 0 0 51 0 9 64 32 0 51 45 0 0 2 0 70 11 0 29 0 15 77 26 0 0 0
54 21 0 0 68 18 0 0 0 0 0 75 96 0 0 0 0 0 0 0 0 0 0 0 46 0 71 0 0 0 0 0 0 0 0 0 84 0 0 0 0 0 22 32 0 30 0 0 69 12 32 0 73 95 24 65 0 0 0 0 71 3 0 0 39 0 31 0 0 41 14 0 0 0 0 0 0 17 0 0 0 0 0 0 0 52 0 0 0 0 0 0 0 0 0 0 0 84 0 0 68 0 0 0 0 0 0 0 0 0 0 0 0 0 0 89 0 55 0 0 0 0 0 0 22 0 0 0 0 0
0 0 0 94 0 0 0 11 14 22 49 0 0 77 0 0 0 0 55 0 11 23 0 0 0 0 13 19 0 0 0 0 24 20 0 48 0 3 60 77 21 43 0 79 0 5 0 0 0 0 97 0 0 0 52 33 0 0 0 62 0 0 15 0 0 33 0 0 0 39 93 46 94 0 0 0 0 78 0 70 85 44 35 0 98 0 86 14 4 62 22 0 60 0 0 96 5 18 63 0 74 0 39 0 0 0 0 0 59 70 74 0 25 81 54 92 0 71 87 18 0 29 0 0 0 27 0 0 0 0
29 44 86 1 58 0 83 25 99 92 0 0 33 0 67 5 41 88 81 63 0 52 85 98 0 24 16 27 0 0 19 0 84 95 28 3 0 43 96 80 0 88 15 53 25 23 77 0 87 30 0 78 79 25 15 32 67 57 32 8 29 30 0 14 48 0 88 83 94 79 0 0 87 0 5 0 100 0 79 63 0 57 40 0 0 99 97 40 18 3 10 70 57 90 0 79 47 39 29 74 0 12 22 12 99 24 0 0 93 75 0 36 2 48 44 0 0 30 39 28 42 46 94 32 27 27 71 78 0 0
93 0 0 0 0 41 37 0 28 0 0 0 87 0 0 10 0 0 43 61 83 24 0 0 0 66 0 67 0 0 66 86 24 55 67 0 0 0 0 0 0 0 19 55 61 0 0 0 59 0 9 0 33 76 79 50 0 0 65 0 0 0 0 0 0 0 0 64 88 0 0 94 7 0 22 0 0 44 96 0 0 55 0 75 39 0 0 0 46 94 31 0 76 36 13 0 36 16 85 0 56 0 0 0 0 28 55 37 0 0 39 6 0 0 88 0 0 0 54 0 0 0 100 49 93 0 0 1 0 55
0 0 0 0 71 0 30 36 62 0 0 0 0 31 39 30 74 0 44 0 62 3 0 0 0 0 0 0 0 0 0 99 57 0 0 87 0 0 0 0 0 87 8 0 0 0 56 0 10 0 0 0 71 28 42 73 41 0 0 0 0 0 0 0 0 51 28 61 16 0 42 0 0 0 4 0 0 0 0 48 0 0 0 0 0 0 52 0 0 11 0 0 0 0 0 0 80 0 0 0 60 0 0 0 0 0 0 0 0 23 0 0 0 0 0 0 7 0 0 0 0 0 0 0 0 0 0 0 0 0
69 6 0 0 0 0 0 0 19 0 98 98 0 0 0 0 0 0 0 77 11 0 9 0 47 2 0 0 0 0 0 0 53 0 97 0 74 14 77 42 31 0 0 14 8 0 0 75 85 38 9 0 0 0 68 27 0 23 80 0 26 30 0 20 0 30 0 42 0 34 9 22 58 43 65 0 21 0 99 0 3 0 12 74 0 0 0 16 0 99 81 40 0 11 2 88 10 39 91 0 0 67 0 0 0 29 0 35 0 0 0 0 0 71 40 85 0 14 18 58 0 76 3 0 0 0 69 0 0 32
0 0 0 0 0 0 25 0 0 66 0 16 0 62 0 0 95 10 0 0 0 0 0 0 0 0 0 0 0 0 0 0 0 0 0 0 0 0 0 7 0 0 13 0 0 0 0 13 0 0 0 0 43 0 0 0 0 0 0 0 0 33 0 0 0 0 0 0 79 0 43 0 0 0 0 0 0 0 0 0 0 80 0 0 0 0 0 0 0 0 0 0 0 0 0 0 0 0 0 94 0 0 0 0 0 0 0 0 4 0 0 0 0 0 0 0 0 0 0 89 0 0 0 0 0 41 0 0 0 0
7 0 0 0 0 0 83 0 0 0 0 0 50 6 0 0 0 0 0 0 0 0 0 0 0 12 0 0 0 0 0 71 0 0 0 0 38 100 0 0 89 0 0 0 0 0 48 0 0 25 0 56 39 0 0 14 0 0 31 4 30 0 0 59 0 0 0 73 0 0 0 0 36 87 0 0 2 0 0 22 0 0 0 0 0 0 0 0 0 0 0 0 0 65 0 0 0 0 0 0 0 18 0 3 0 0 0 54 0 0 0 19 8 44 55 0 0 0 0 0 0 0 0 0 0 0 56 0 0 0
0 0 0 0 0 0 0 0 0 0 0 29 0 0 0 0 0 93 0 0 27 52 85 0 0 0 0 0 0 0 0 0 0 0 0 43 0 0 68 0 0 0 0 6 68 3 0 0 0 0 0 0 0 62 10 0 20 27 0 0 0 0 0 0 0 62 0 0 0 69 0 0 0 9 0 0 0 99 0 0 56 34 0 0 0 0 98 0 90 0 0 0 0 0 58 0 0 0 67 23 62 0 0 84 0 4 0 0 0 0 0 0 0 0 0 40 0 0 0 0 0 0 57 0 0 0 0 0 0 0
8 0 0 91 6 62 0 0 98 59 83 83 53 79 0 28 95 91 0 0 34 0 0 8 0 0 1 72 0 19 37 0 0 61 0 23 0 40 81 91 0 99 62 11 0 75 0 93 0 93 74 44 0 0 0 0 40 0 28 32 58 0 35 0 27 76 56 0 70 23 0 0 0 42 0 41 0 19 58 0 40 0 41 32 0 42 77 50 61 20 49 8 0 61 13 31 26 95 86 55 55 30 3 79 23 23 29 0 39 97 13 24 69 0 0 34 20 43 98 38 0 75 13 0 0 55 46 20 0 0
0 65 0 99 0 49 14 0 28 0 48 0 0 0 86 40 0 0 0 85 23 0 0 9 0 0 0 41 36 0 1 0 0 0 0 0 0 0 0 79 64 0 86 0 0 86 0 0 0 0 0 88 0 0 4 15 0 0 0 0 0 0 76 37 28 0 0 64 99 98 0 52 0 0 0 0 0 0 0 82 0 0 35 0 0 0 72 6 57 60 67 0 0 0 38 0 34 53 0 0 0 0 0 15 0 0 0 0 0 0 73 0 0 0 0 0 89 65 0 0 0 0 0 0 0 0 0 0 0 0
0 0 0 12 0 0 0 76 0 0 68 0 52 0 0 97 0 0 0 0 0 0 0 0 0 0 0 0 0 0 0 0 0 41 37 91 0 1 0 0 0 80 0 0 0 0 4 0 82 0 0 0 0 7 0 0 0 0 0 0 0 0 0 0 0 0 0 82 98 0 0 0 25 0 0 0 0 76 0 0 0 0 0 0 0 0 0 0 96 0 0 86 0 0 26 0 0 0 0 0 0 0 0 96 0 0 0 65 0 0 47 45 0 0 30 0 50 62 0 89 0 0 72 98 0 0 0 0 0 0
0 0 40 0 19 0 0 0 53 60 0 0 0 0 0 0 0 40 92 14 0 0 0 0 0 56 8 0 0 0 0 0 55 0 0 0 0 0 12 0 74 0 0 0 0 18 0 67 0 9 0 0 0 98 0 0 0 0 0 0 0 4 0 0 0 0 45 0 0 0 0 0 0 45 2 0 38 0 0 0 0 68 0 0 0 0 62 0 16 0 0 0 0 0 50 0 72 0 0 0 0 11 80 0 0 0 43 0 73 44 0 0 25 0 28 0 0 76 0 33 0 100 0 0 75 0 0 0 0 0
0 0 0 0 0 0 0 0 0 0 0 0 0 0 0 0 0 0 0 0 0 0 0 0 0 0 0 0 0 0 0 0 0 12 0 60 0 0 0 0 0 0 0 0 0 0 0 44 0 0 27 0 0 0 0 0 0 0 0 0 0 0 0 0 0 0 0 0 0 0 0 0 0 0 0 0 0 0 0 0 0 0 20 0 0 0 0 0 0 0 0 0 0 0 0 0 0 0 0 0 0 0 51 0 0 0 0 0 0 0 0 0 0 0 27 0 73 0 0 0 0 0 0 0 0 0 0 0 0 0
0 0 0 0 0 62 0 0 0 0 0 0 9 0 75 0 0 0 0 0 0 86 0 0 0 0 0 2 0 0 0 0 98 0 14 0 99 0 0 0 0 35 0 77 88 0 0 0 75 0 0 0 0 0 91 61 0 0 0 0 0 86 83 0 0 0 0 0 0 0 33 0 0 0 0 0 0 0 0 0 0 0 0 0 0 9 0 0 0 10 37 69 63 75 0 0 0 96 76 0 0 0 90 0 0 0 0 0 0 0 0 0 0 0 0 82 0 0 0 71 0 19 16 0 0 52 0 0 0 0
54 28 68 0 20 10 92 69 0 12 66 13 0 0 96 7 69 54 0 0 45 57 93 45 31 70 10 30 58 0 4 4 16 9 5 17 62 13 54 0 22 0 80 49 23 0 57 89 98 0 0 57 0 3 59 90 99 17 99 0 0 39 0 6 59 0 37 53 2 100 28 37 28 54 64 6 89 17 50 35 55 87 0 0 58 0 20 45 7 77 10 53 25 9 42 0 41 49 26 2 70 56 11 74 0 81 0 8 78 0 8 47 93 0 67 78 34 40 0 0 0 10 48 0 0 43 14 59 0 0
84 34 59 69 93 58 28 17 13 53 72 50 48 47 49 20 46 75 16 82 0 96 41 46 65 10 66 95 59 91 0 73 33 36 90 0 7 9 75 100 47 23 96 0 9 91 99 44 50 48 56 51 28 54 0 78 46 97 6 11 0 29 0 100 24 45 31 2 57 38 66 25 40 98 28 100 19 97 30 7 51 91 65 39 41 0 17 5 66 48 67 68 99 0 73 85 16 32 49 0 86 69 0 79 73 22 92 46 53 69 0 36 67 84 0 22 36 20 0 6 0 42 57 97 55 61 52 0 0 0
0 9 82 80 58 0 0 7 16 0 0 0 43 0 62 0 88 0 85 57 97 95 47 0 0 95 0 82 0 86 0 0 100 0 4 78 34 79 0 48 45 62 0 7 0 90 0 0 4 100 0 0 0 52 0 0 0 9 76 48 27 0 0 0 95 0 0 0 0 0 82 59 44 0 14 0 14 0 31 0 13 0 0 0 0 71 10 0 0 0 0 48 96 0 85 0 0 27 88 0 60 27 0 0 4 25 0 7 0 65 0 1 0 89 36 0 0 0 34 2 0 0 84 83 20 46 0 0 0 0
72 79 53 0 0 95 0 0 0 22 73 0 0 0 0 0 0 0 0 4 0 0 14 0 0 9 74 76 56 90 0 0 78 0 10 78 0 0 52 50 0 53 64 0 86 45 30 0 0 0 0 92 0 0 52 83 77 16 16 87 62 0 0 24 66 39 0 86 0 57 0 99 0 61 14 0 0 0 0 0 0 4 0 86 5 0 0 0 0 3 0 59 0 0 0 0 0 96 46 97 0 29 0 99 0 0 39 0 0 15 33 0 57 50 0 0 0 0 0 0 0 79 87 0 0 0 84 0 0 0
44 94 85 29 40 0 68 18 80 24 0 63 0 0 87 2 0 42 4 8 55 8 93 4 73 0 0 1 67 43 84 77 0 80 5 99 29 0 0 54 0 0 0 82 18 97 68 0 10 49 97 98 91 0 0 24 0 71 89 61 34 26 0 72 100 18 0 95 0 64 0 83 20 65 0 0 2 14 0 85 68 60 0 76 0 59 75 0 48 7 0 78 69 0 0 64 28 40 98 20 0 72 0 37 98 26 0 11 0 0 0 0 72 59 82 3 63 0 0 68 0 0 0 0 72 69 0 29 0 0
0 28 0 0 0 26 87 87 28 78 0 0 10 0 59 0 3 0 0 26 0 0 40 63 0 0 96 52 0 0 0 28 0 0 0 27 0 59 0 8 0 32 0 11 38 0 78 34 50 24 44 68 0 13 0 0 95 0 0 80 0 27 0 0 84 21 0 0 0 81 0 98 6 95 0 82 0 97 0 10 0 10 0 8 0 73 20 40 0 10 0 0 67 0 91 0 83 0 50 6 47 11 0 33 56 0 81 21 6 0 86 72 0 18 0 0 33 14 0 66 6 4 0 0 97 30 0 0 0 20
68 18 20 0 60 7 7 10 90 0 49 70 0 0 84 0 80 41 51 0 0 42 38 4 12 29 51 82 0 62 0 34 0 15 0 4 0 0 45 32 0 0 37 86 66 59 36 97 14 0 4 0 71 2 0 7 0 0 100 66 75 96 45 0 0 84 27 0 0 65 0 100 46 0 0 64 39 45 9 0 33 0 22 0 0 48 0 0 0 50 15 69 0 87 0 0 99 47 4 5 77 1 0 72 67 34 0 65 0 56 91 0 82 0 0 0 98 0 20 0 78 38 20 94 64 44 81 47 0 0
0 79 84 0 4 1 0 28 0 0 0 29 0 0 1 57 0 69 46 92 0 0 44 80 58 0 35 32 83 0 55 0 0 0 19 90 90 1 2 34 23 37 0 0 0 0 0 0 0 53 0 23 0 54 0 7 85 58 0 70 0 41 15 12 42 87 24 0 0 0 89 30 0 69 81 0 0 69 0 47 24 0 8 0 0 51 39 0 0 78 0 5 9 98 24 57 14 27 0 0 66 0 99 0 0 59 0 0 10 18 15 0 73 9 0 0 66 43 66 0 0 0 0 91 0 0 0 34 0 0
0 0 71 0 0 3 0 0 0 0 0 0 24 0 0 0 0 0 0 0 0 0 0 0 0 0 0 0 0 0 0 0 0 0 0 0 0 0 0 0 0 0 0 0 0 0 0 0 0 0 0 0 0 0 0 0 0 0 0 0 0 0 91 0 0 0 0 0 0 0 0 0 0 74 0 0 0 0 0 0 0 0 0 0 0 0 0 0 0 0 0 0 0 0 0 0 0 0 0 0 0 0 0 0 0 0 0 0 0 0 0 0 51 0 0 0 0 0 0 61 0 0 0 0 0 0 0 0 0 0
0 3 0 0 0 85 0 0 0 0 38 0 0 0 20 0 0 46 0 0 3 2 0 0 0 65 0 0 0 69 0 29 46 0 79 29 61 0 0 0 0 74 0 0 0 0 0 0 0 0 0 0 0 0 0 72 0 97 0 0 0 0 0 0 0 0 0 0 0 0 0 0 14 0 0 0 0 0 0 0 83 54 0 0 0 30 0 0 0 0 0 71 0 0 0 0 48 100 39 0 0 0 84 64 0 61 0 0 0 0 0 0 0 0 0 0 0 0 0 0 0 0 0 0 0 59 0 0 0 0
32 21 0 0 85 54 6 0 87 11 7 0 81 51 17 62 61 57 84 36 69 34 26 0 0 11 90 0 0 0 78 85 28 0 95 0 21 75 55 95 31 60 0 33 5 0 0 65 38 20 0 39 54 60 82 4 61 36 90 44 57 14 30 0 81 0 3 0 10 0 69 67 7 0 0 0 78 0 0 94 85 62 16 16 19 0 0 0 54 61 0 0 0 28 0 84 60 0 0 67 0 78 17 0 50 75 56 5 63 88 54 34 0 34 58 0 81 19 15 63 83 32 14 0 0 82 0 0 0 0
0 0 76 90 39 0 0 0 0 0 0 25 94 0 0 21 0 8 15 10 61 0 96 61 56 90 74 0 37 0 0 0 0 0 0 0 0 0 25 0 81 7 13 0 0 0 0 14 0 0 64 22 0 0 0 0 0 77 28 49 0 0 33 57 0 92 38 50 0 0 0 62 0 99 0 0 89 31 26 98 0 12 88 0 0 0 0 81 52 16 0 38 0 64 0 0 0 73 48 81 0 89 76 83 0 69 70 0 0 0 0 79 0 45 0 75 0 83 62 35 57 95 0 18 0 0 48 15 0 0
0 0 98 22 4 0 26 12 0 78 0 7 0 0 0 0 40 17 0 26 56 0 0 14 16 0 0 97 86 45 35 63 9 4 31 8 11 8 82 0 20 58 4 0 93 46 63 68 0 42 0 95 0 5 75 72 91 81 0 7 0 30 0 0 75 0 33 72 0 83 31 24 0 8 0 55 3 0 0 76 76 59 97 0 0 26 0 0 77 0 75 0 44 0 67 99 0 58 0 50 90 13 0 72 58 31 55 94 43 61 19 73 80 0 41 41 3 0 43 4 24 0 20 97 67 0 59 82 0 0
0 0 78 0 0 16 0 0 0 0 50 0 15 37 41 15 0 74 0 0 0 55 41 0 41 0 33 0 0 0 98 0 34 0 0 71 0 0 52 0 0 34 0 100 52 0 0 0 0 98 0 28 0 0 85 40 74 0 0 0 0 52 0 8 40 78 89 0 25 0 0 0 0 0 0 0 14 0 0 0 0 1 0 0 70 93 0 25 0 0 0 0 65 0 58 0 0 0 63 24 0 0 0 0 98 0 0 0 0 0 0 13 25 32 0 0 0 0 70 0 0 31 0 0 0 0 0 38 0 0
41 20 0 74 42 95 0 21 0 0 0 0 0 0 52 81 0 99 53 99 29 0 0 18 99 84 33 0 14 56 0 42 100 7 8 0 16 0 0 51 69 0 59 68 88 77 2 0 25 76 40 77 80 87 47 0 0 81 0 35 42 12 31 94 0 44 27 0 79 0 0 15 51 36 0 0 0 36 31 0 86 7 97 0 83 73 0 42 66 0 34 0 0 0 50 46 87 38 0 70 7 13 64 0 0 23 0 83 0 39 5 0 0 2 59 0 0 93 93 0 0 17 99 98 82 72 100 0 0 0
0 0 90 0 45 0 0 0 0 74 0 0 0 0 0 73 50 14 86 0 95 0 45 0 0 42 0 33 0 0 0 0 0 0 0 0 0 0 43 0 0 0 0 0 24 84 33 0 0 0 0 0 0 57 0 25 97 0 0 0 0 73 0 0 84 0 0 0 0 0 0 0 12 0 19 0 0 0 0 0 73 44 0 0 88 0 0 0 0 32 0 0 0 0 82 0 0 0 0 0 0 0 0 31 0 0 0 76 0 0 0 0 76 0 0 0 97 31 96 72 74 0 0 0 0 0 0 0 0 18
0 0 0 0 0 0 0 0 0 0 0 0 0 0 0 0 0 0 0 0 0 0 0 0 0 0 0 0 0 0 0 0 0 0 0 0 0 0 0 0 0 0 0 0 0 0 0 0 0 0 0 0 0 0 0 0 0 0 0 0 0 0 0 0 0 0 0 0 0 0 0 0 0 0 0 0 0 0 0 0 0 0 0 0 0 0 0 0 0 0 0 0 0 0 0 0 0 0 0 0 0 0 0 0 0 0 0 0 0 0 0 0 0 0 0 0 0 0 0 0 0 0 0 0 0 0 0 0 0 0
