34
0 48 0 0 0 0 0 0 0 0 0 0 0 0 0 0 0 1 0 1 0 0 0 97 0 0 0 91 0 0 0 0 0 94
0 0 0 0 0 0 0 0 0 0 0 11 0 60 0 10 0 0 0 89 0 0 13 0 67 25 0 69 46 93 0 0 0 0
0 0 0 0 0 0 0 0 0 0 0 0 99 0 0 0 0 0 0 69 62 74 0 0 0 0 0 0 0 0 0 0 0 0
34 78 51 0 0 30 97 92 80 0 76 53 0 18 84 31 87 13 10 7 90 100 0 30 15 25 80 36 87 27 81 29 0 0
0 0 0 0 0 0 42 0 0 0 0 0 0 0 0 98 0 0 0 0 0 0 0 0 0 0 0 0 0 3 0 50 0 0
0 0 0 0 0 0 0 0 0 0 0 0 0 94 0 0 0 0 2 0 0 0 0 0 0 0 0 4 0 0 0 0 0 0
100 0 85 0 0 3 0 0 56 0 0 19 0 0 0 0 0 0 0 0 75 0 55 49 0 0 0 0 0 61 83 11 0 61
61 0 0 0 0 0 98 0 87 53 67 10 6 0 0 35 53 17 25 0 4 0 0 0 0 0 79 0 13 59 14 33 0 0
0 0 0 0 35 0 0 0 0 0 0 0 71 5 58 0 0 0 0 0 0 0 0 0 0 0 0 0 0 0 47 0 0 0
7 0 56 0 91 87 0 99 0 0 91 59 0 30 0 96 37 4 0 91 44 32 0 0 75 24 83 0 29 36 6 0 0 0
79 73 86 94 33 64 0 79 20 0 0 94 36 93 20 79 0 96 61 29 0 0 70 40 21 25 41 94 57 86 81 10 0 93
36 39 0 0 36 82 0 89 52 0 0 0 59 0 85 0 70 0 0 0 15 20 74 87 73 0 63 0 99 42 0 56 0 0
82 90 61 0 17 57 69 28 34 61 36 58 0 45 86 99 38 59 73 90 85 94 99 67 37 6 6 40 70 68 7 17 0 89
0 88 0 31 0 0 0 0 0 1 0 0 33 0 74 0 89 0 0 95 0 88 0 11 0 0 0 0 17 96 63 4 0 74
0 4 37 0 7 0 0 27 13 0 0 0 96 50 0 0 0 0 34 0 0 0 0 79 0 95 0 0 0 0 65 0 0 0
0 0 61 16 51 75 0 0 0 0 0 0 88 0 75 0 0 0 94 0 85 0 66 52 56 71 96 82 0 92 0 15 0 0
0 0 27 78 38 0 78 19 0 0 0 50 83 0 0 0 0 0 14 38 0 0 85 39 53 84 0 55 66 0 0 0 0 8
0 29 0 0 88 0 0 75 0 0 0 47 98 0 0 83 0 0 0 0 0 22 0 0 0 0 0 0 0 0 0 0 0 0
0 6 0 0 27 22 0 45 79 65 86 25 0 0 57 0 0 10 0 94 31 0 0 62 0 50 10 56 0 1 0 8 0 0
37 1 88 33 2 3 80 24 36 72 48 52 45 7 18 47 17 81 90 0 78 29 75 67 99 39 22 96 30 10 7 79 0 0
7 36 0 70 85 45 96 0 47 44 67 0 80 5 72 100 39 4 60 77 0 0 0 0 0 13 0 70 14 45 40 82 0 0
38 28 0 0 0 0 0 5 0 50 0 2 0 0 36 50 0 15 0 0 0 0 78 0 0 0 0 0 0 0 0 89 0 70
0 0 0 43 0 0 0 0 0 59 0 14 0 0 0 0 0 31 0 66 0 0 0 36 92 0 9 0 0 0 0 0 0 0
34 3 48 0 57 0 35 0 73 61 48 79 47 55 0 0 0 0 0 20 0 0 40 0 68 68 0 0 0 0 7 37 0 0
43 16 100 46 16 18 50 71 83 39 44 72 98 8 98 36 12 35 8 17 24 97 42 0 0 66 72 48 24 35 49 68 0 0
0 0 0 0 0 0 0 0 0 0 0 0 0 0 0 18 39 0 0 0 0 0 0 0 0 0 73 0 0 0 0 0 0 0
65 0 0 26 36 0 0 0 0 0 0 0 0 0 17 0 0 81 72 0 0 0 0 0 54 0 0 61 0 0 0 0 0 0
6 73 42 21 4 0 63 86 0 0 63 0 66 43 70 56 5 0 0 0 33 84 50 0 38 20 0 0 85 0 21 86 0 47
0 0 91 87 0 0 0 0 39 2 87 8 0 23 41 77 0 0 18 97 0 0 19 0 54 2 0 55 0 54 50 10 0 0
60 69 69 39 87 75 52 11 15 30 98 98 36 79 34 16 68 23 7 45 98 42 36 88 97 88 16 68 59 0 43 0 0 0
0 0 0 0 0 0 0 0 0 43 0 0 0 87 0 0 0 0 0 0 0 56 0 41 0 0 0 66 0 0 0 0 0 0
65 54 74 48 95 99 3 84 28 11 35 3 19 18 19 48 77 41 29 20 65 27 96 9 0 34 4 28 71 82 41 0 0 58
73 0 0 0 0 100 43 61 3 46 0 0 0 0 40 71 13 0 73 65 0 0 0 0 7 0 0 0 34 4 0 0 0 65
0 0 0 0 0 0 0 0 0 0 0 0 0 0 0 0 0 0 0 0 0 0 0 0 0 0 0 0 0 0 0 0 0 0