66
0 28 89 64 49 86 0 66 10 14 0 53 55 0 41 92 0 77 56 89 17 99 69 14 97 0 42 48 85 26 74 73 0 62 0 55 12 61 83 49 93 0 45 0 0 0 0 0 54 66 74 0 0 0 17 61 0 0 29 87 0 56 0 9 0 51
75 0 91 37 0 0 36 62 0 43 94 0 8 26 98 0 0 94 60 50 0 0 43 0 0 80 38 26 66 0 69 93 30 0 93 0 6 85 0 46 0 51 0 88 81 0 11 54 0 0 56 95 0 20 84 56 0 93 0 0 5 77 0 0 0 0
100 0 0 54 28 3 97 0 38 9 49 41 0 64 86 32 77 0 80 69 0 53 9 56 69 0 69 75 0 24 17 0 88 93 69 36 81 97 0 0 46 35 61 64 98 5 49 18 29 26 0 93 0 0 0 0 22 0 35 85 19 0 0 0 0 8
15 0 45 0 0 0 0 0 0 0 0 0 0 66 0 15 0 13 0 13 0 0 0 0 0 0 0 0 0 0 0 16 0 0 32 0 0 0 73 11 0 11 0 0 0 0 69 0 0 0 0 0 0 0 0 0 11 16 0 0 0 2 0 0 0 2
17 28 7 30 0 47 60 19 45 0 24 48 36 0 22 78 0 85 34 0 93 76 59 0 89 21 0 16 48 78 57 0 70 85 96 0 3 96 54 31 99 0 24 96 34 15 0 54 67 50 54 16 72 12 0 0 11 0 0 3 70 0 0 8 0 66
0 0 67 0 0 0 0 45 0 73 47 16 13 0 87 82 1 91 0 60 4 0 84 0 28 0 0 52 82 80 63 0 94 49 97 0 0 48 92 0 0 0 0 41 53 0 48 0 0 0 0 0 29 46 30 0 0 94 74 25 10 73 0 14 0 60
0 0 0 0 58 0 0 0 0 0 42 0 0 0 0 0 0 0 0 45 0 73 0 0 0 29 0 0 79 54 0 47 0 0 0 36 88 66 0 34 0 0 0 0 94 13 25 0 0 0 0 66 12 0 0 0 0 0 0 0 0 0 63 0 0 60
12 12 96 82 77 39 1 0 94 85 0 58 22 76 0 80 0 76 95 99 82 83 42 62 0 43 30 0 6 60 96 43 87 6 0 27 0 0 0 0 41 75 50 43 60 0 0 0 29 0 88 0 22 0 100 42 97 6 0 0 31 0 0 61 0 0
93 0 0 0 31 99 0 0 0 0 93 59 97 97 0 0 0 0 53 4 93 97 0 80 6 67 0 40 0 0 0 0 0 14 0 63 0 0 0 10 0 0 69 46 16 26 0 79 0 0 0 0 96 86 33 73 93 0 0 82 67 0 40 0 0 55
95 9 27 73 23 75 5 78 45 0 57 44 84 70 63 84 49 0 93 33 0 10 81 70 0 7 22 96 0 51 72 0 8 21 50 0 0 0 52 76 82 91 44 52 93 58 18 26 0 0 50 31 13 28 44 26 70 48 0 21 25 0 75 52 0 60
0 0 59 72 0 0 0 0 72 59 0 0 8 33 8 0 0 48 0 0 0 0 9 0 0 0 18 0 0 0 0 0 0 0 0 33 13 0 37 0 0 5 0 0 0 0 0 14 0 0 38 90 1 0 0 0 35 70 2 0 0 0 0 42 0 41
100 23 41 0 44 53 53 3 79 0 0 0 34 0 21 78 45 80 21 97 38 16 37 67 92 0 0 18 0 91 0 6 0 72 56 68 0 56 17 20 15 0 76 23 74 23 0 0 64 26 0 90 18 9 96 0 15 33 74 40 62 41 0 0 0 79
0 77 0 0 0 72 0 0 0 0 0 0 0 0 0 0 0 0 0 0 0 58 0 0 0 0 0 0 0 0 0 0 0 0 0 0 0 0 0 0 0 85 19 0 0 0 0 0 0 0 0 0 0 35 0 0 0 0 0 0 0 0 0 0 0 39
21 0 54 75 45 74 11 52 47 74 0 35 84 0 0 0 0 20 29 9 53 9 0 0 0 30 0 87 0 8 11 0 0 32 3 55 24 0 79 70 70 72 39 42 0 4 38 14 61 55 74 8 70 72 80 41 25 73 0 86 30 0 84 67 0 0
62 66 0 0 0 0 34 0 85 0 0 0 0 0 0 0 0 45 0 0 0 0 0 0 0 0 71 0 0 0 0 0 0 0 0 0 0 0 66 0 59 0 0 92 0 0 0 0 0 96 0 0 19 0 30 0 0 0 0 0 0 0 0 75 0 0
0 0 94 0 0 0 14 0 0 29 0 45 0 0 0 0 84 0 0 0 34 0 0 0 0 0 0 0 45 0 39 0 36 99 0 23 0 50 83 0 0 0 0 0 0 0 40 0 0 56 92 0 20 0 0 7 0 0 70 0 0 0 0 84 0 57
63 0 0 0 0 0 0 0 0 100 0 0 0 68 42 0 0 0 0 30 0 0 0 0 0 0 0 0 0 0 96 0 0 93 0 0 75 0 65 0 16 87 0 0 0 0 12 0 0 0 0 0 0 0 0 52 0 0 0 0 0 0 0 0 0 0
3 42 19 20 76 9 40 41 100 0 48 48 31 12 32 30 47 0 54 15 11 53 37 43 99 38 75 0 38 90 0 91 65 0 7 36 63 51 77 89 91 82 80 0 51 12 66 7 51 77 91 78 75 52 81 94 2 3 93 30 57 36 53 74 0 33
82 0 0 40 26 0 45 0 0 28 0 0 0 89 0 0 79 42 0 0 0 32 0 61 47 87 0 0 0 0 0 0 0 0 9 0 44 0 43 0 9 51 0 0 0 0 92 0 7 49 0 0 83 0 0 37 73 0 46 0 0 14 89 90 0 30
100 0 55 83 70 60 96 83 29 0 10 0 0 95 68 0 67 80 0 0 8 57 57 98 0 0 2 97 86 29 82 0 91 11 0 78 77 38 0 0 0 0 0 90 37 92 0 41 86 96 0 59 80 0 87 80 73 66 2 0 0 100 76 85 0 45
25 30 40 0 94 0 79 0 3 41 33 0 77 0 55 52 71 0 3 83 0 62 10 52 77 98 54 14 53 5 32 29 0 37 0 49 64 22 42 79 63 69 0 55 8 0 70 94 0 70 89 0 42 0 55 0 0 7 30 63 5 59 50 86 0 52
70 53 0 80 50 40 0 61 63 97 29 29 0 26 78 44 0 84 99 59 65 0 0 81 28 88 28 32 84 15 96 61 0 69 88 77 0 30 83 19 96 0 18 36 32 0 19 0 0 36 5 0 42 0 0 0 83 49 39 0 7 92 40 50 0 49
0 0 0 0 0 0 0 0 0 0 0 0 0 0 0 0 73 0 0 0 0 0 0 0 0 0 0 0 0 0 0 0 0 0 0 0 0 0 0 0 0 0 0 0 0 0 0 0 0 0 0 0 0 0 0 0 0 0 0 0 0 0 0 0 0 55
2 91 10 10 0 0 0 0 76 0 60 0 0 0 66 0 67 0 0 0 0 55 0 0 0 0 45 0 32 60 13 80 70 0 0 0 89 0 0 0 0 17 0 0 0 0 63 31 53 0 0 0 0 9 0 0 0 0 0 0 0 0 0 0 0 64
0 0 0 0 0 0 85 0 0 45 0 85 0 36 0 0 0 0 0 72 0 98 0 33 0 0 0 0 88 52 0 0 50 0 69 5 90 0 0 0 7 69 70 0 28 0 7 0 0 98 0 0 0 59 0 0 29 90 60 0 76 0 32 0 0 99
50 7 84 1 2 58 0 0 10 0 17 0 0 24 67 62 58 79 0 48 65 31 21 68 8 0 0 0 0 43 0 44 0 59 96 12 19 0 1 29 6 67 19 80 57 0 9 39 64 80 0 98 0 72 60 0 0 21 86 0 33 8 0 78 0 95
0 0 48 1 0 0 32 84 0 51 12 0 0 52 36 76 0 22 35 0 0 39 0 0 0 77 0 0 57 0 39 0 0 7 67 0 0 9 0 0 0 0 0 0 16 36 0 78 100 28 85 62 0 46 0 0 0 0 4 0 0 0 0 0 0 84
91 0 0 25 18 0 68 0 0 0 6 0 0 0 0 30 76 96 0 0 0 0 0 0 0 0 0 0 0 0 93 0 98 0 0 0 0 0 36 24 66 0 0 0 84 0 0 0 0 0 0 0 0 0 0 0 59 75 0 0 6 0 70 0 0 0
0 0 7 0 95 36 37 44 0 9 64 49 38 91 3 0 40 65 41 60 36 0 80 0 79 17 0 0 0 0 0 6 70 46 66 0 7 45 0 0 0 60 70 0 0 54 35 96 71 55 49 90 0 56 0 79 46 0 43 0 70 0 65 24 0 23
96 32 39 44 2 94 51 29 60 57 61 33 71 65 0 75 77 56 54 92 58 58 24 53 97 0 100 82 51 0 0 58 50 44 68 24 90 0 60 45 40 12 28 44 25 31 93 11 0 0 0 99 56 32 0 28 64 41 95 75 98 74 82 36 0 26
0 0 16 0 0 49 46 59 39 0 0 98 58 0 0 0 41 0 16 0 0 71 51 0 60 0 0 87 0 0 0 44 7 56 0 0 6 0 0 99 58 0 0 0 9 0 0 0 97 49 93 46 0 0 0 0 0 0 0 0 0 0 18 9 0 86
61 100 0 0 68 0 48 47 82 0 0 93 21 58 75 0 26 0 0 59 0 0 40 52 0 3 0 0 0 0 25 0 80 0 0 76 45 1 0 10 0 28 0 93 93 0 24 0 0 0 0 0 41 80 87 30 0 10 56 82 44 81 0 0 0 76
0 1 73 66 0 54 7 0 87 33 18 32 0 79 50 48 18 66 17 37 28 98 83 74 9 28 2 20 28 89 30 91 0 3 55 79 68 99 80 17 100 0 93 35 63 83 0 46 60 51 49 0 75 91 0 71 77 44 0 48 0 20 12 29 0 43
0 68 54 0 0 0 70 56 0 40 65 0 0 24 75 0 40 0 0 0 4 0 23 0 83 76 0 0 67 0 89 0 18 0 93 84 5 45 5 46 73 5 92 0 54 0 58 0 81 0 0 45 0 87 0 95 70 12 19 0 0 0 0 57 0 0
8 93 91 92 58 0 85 0 76 75 16 67 30 0 9 98 61 0 0 17 0 0 0 0 70 0 22 0 0 13 18 19 62 5 0 22 61 0 0 66 0 2 0 87 50 60 0 61 89 57 0 0 25 0 60 46 93 0 79 12 100 0 48 38 0 55
52 14 90 12 72 38 85 44 0 25 66 94 7 15 4 52 0 32 25 80 3 43 68 0 47 81 20 48 0 27 0 45 14 33 33 0 24 42 23 4 43 19 34 0 9 90 5 28 88 76 20 45 14 50 74 97 95 10 87 0 0 17 56 28 0 0
0 0 43 0 0 73 0 0 0 63 0 0 88 0 14 0 5 0 0 57 0 0 0 0 43 24 0 0 0 0 0 56 0 0 51 0 0 0 0 0 30 0 0 65 0 43 0 33 99 0 0 50 84 70 44 0 0 0 0 0 82 0 92 0 0 11
2 52 48 94 0 0 79 84 1 0 0 0 16 45 46 3 12 6 87 34 77 9 94 75 47 34 48 0 29 63 11 88 0 0 73 0 31 0 0 46 0 58 0 45 100 5 0 5 82 80 35 0 35 0 0 0 65 84 0 70 69 0 0 22 0 71
78 56 36 0 85 6 24 39 100 63 42 93 54 72 63 0 53 66 81 12 99 9 45 66 2 17 60 79 8 66 23 20 70 0 66 38 69 0 0 10 44 35 30 58 79 4 26 22 12 0 52 68 26 28 46 3 56 38 37 0 0 17 11 2 0 0
66 94 97 16 46 13 0 30 57 0 42 43 0 0 0 88 51 48 0 0 74 0 76 0 56 0 28 51 0 0 4 15 5 95 3 0 0 0 55 0 72 43 96 69 5 0 74 24 0 55 0 27 98 92 0 0 38 74 39 55 0 0 33 0 0 0
45 13 79 26 59 38 43 12 57 54 61 3 17 73 10 91 38 32 73 0 14 45 88 23 83 68 100 0 100 0 30 56 100 31 64 30 0 32 60 0 0 69 97 25 1 25 45 26 0 58 22 74 43 43 2 34 83 84 24 23 14 75 0 45 0 33
68 0 0 0 0 0 0 0 0 9 0 0 0 96 0 0 0 0 0 0 0 0 0 0 0 0 0 0 7 71 0 0 0 0 0 0 18 0 0 0 0 0 0 0 0 41 0 10 0 0 0 1 0 0 0 6 0 0 0 52 0 0 0 0 0 0
0 12 28 9 57 41 28 0 0 65 0 0 40 0 0 51 92 1 68 77 2 43 0 73 0 89 66 0 0 1 0 8 82 0 95 7 45 8 0 60 93 36 0 0 37 100 59 23 3 31 22 22 61 56 72 92 100 11 96 30 0 0 0 0 0 0
48 0 56 44 30 51 83 60 53 0 43 0 0 47 0 0 0 53 0 99 0 41 0 95 91 0 64 0 0 0 0 0 0 0 37 3 0 67 78 0 0 62 90 0 22 58 2 0 60 48 80 0 16 83 13 0 47 0 48 49 42 93 0 38 0 0
99 0 66 89 85 20 0 83 10 24 0 86 40 4 52 55 100 16 73 48 14 18 88 0 3 45 50 24 96 40 0 26 27 87 66 30 79 38 17 87 4 83 48 68 0 15 63 63 28 80 98 32 74 66 89 87 8 41 75 4 99 79 34 90 0 0
0 0 0 0 61 35 0 78 0 69 0 0 60 0 0 0 0 0 0 79 0 0 0 0 0 0 0 86 0 9 0 0 57 0 0 0 0 0 70 0 73 0 46 4 0 0 0 0 0 0 0 0 0 71 0 0 0 77 0 29 4 8 0 0 0 26
0 0 35 5 94 28 56 25 0 52 7 19 56 63 0 44 3 43 0 10 14 87 45 47 0 12 95 0 96 72 0 56 0 79 57 89 89 0 89 38 0 74 49 22 14 8 0 92 3 78 69 0 0 10 83 87 18 1 61 59 29 25 94 8 0 41
17 37 46 35 2 36 75 75 50 0 36 33 66 0 79 14 83 98 98 88 23 100 93 39 4 84 20 39 56 47 76 21 15 69 58 31 0 26 0 36 63 64 42 46 83 0 13 0 35 84 46 53 49 37 58 38 72 31 86 90 11 88 49 95 0 15
82 0 0 0 0 0 59 0 82 0 38 0 0 0 93 91 18 0 0 56 0 100 0 18 0 52 87 20 0 93 0 67 96 15 0 0 0 40 0 26 75 0 2 0 0 13 0 0 0 0 86 0 2 71 46 0 0 0 0 0 96 0 0 46 0 4
90 42 21 74 0 0 26 92 0 13 0 43 4 0 0 0 75 39 3 0 42 0 0 0 26 75 0 0 0 0 46 54 28 99 63 14 0 0 52 45 0 26 68 0 79 39 0 9 6 0 25 0 72 42 0 7 0 76 0 4 57 0 68 0 0 43
0 0 0 0 46 0 0 0 0 0 0 0 0 0 0 0 0 0 0 0 0 0 65 0 0 25 8 0 0 0 0 0 0 0 0 0 0 0 0 45 0 42 52 0 0 0 0 0 0 0 0 0 0 0 41 73 0 43 0 0 0 0 0 0 0 0
2 0 0 0 0 0 73 79 0 0 58 0 0 82 0 0 0 50 0 0 0 0 0 26 0 0 0 0 0 0 67 0 0 0 0 0 0 0 0 11 0 0 0 29 0 42 0 0 0 0 0 0 0 8 0 60 0 0 0 0 89 0 44 0 0 25
11 22 23 93 0 0 0 81 43 0 0 0 0 0 0 0 58 0 0 0 0 0 0 0 42 90 32 64 18 37 0 61 0 69 14 0 87 0 0 61 0 0 0 0 0 0 0 0 54 0 0 0 0 23 0 23 0 0 0 18 51 7 32 0 0 94
0 0 0 0 0 0 0 0 0 0 0 0 0 0 0 0 0 0 0 0 0 0 0 0 0 68 0 52 0 0 0 0 0 0 0 0 0 0 0 0 0 0 0 0 0 0 0 0 0 0 64 0 0 0 0 0 0 0 0 0 0 0 0 0 0 8
10 0 0 0 0 0 60 7 0 0 0 0 0 0 0 0 63 0 0 0 0 0 0 29 48 0 0 0 74 0 0 0 0 45 0 26 23 0 0 0 7 0 0 3 0 0 27 0 0 0 0 0 39 0 0 0 0 0 0 0 0 20 0 0 0 92
0 76 89 85 17 53 16 13 37 69 22 83 62 31 81 74 95 2 28 37 63 0 26 81 28 45 93 99 26 81 52 73 64 3 0 74 38 97 79 2 31 91 21 0 16 77 45 51 87 78 89 0 8 54 78 0 46 0 29 74 31 18 93 25 0 4
100 47 88 16 0 8 57 79 93 15 3 25 39 42 5 15 49 53 98 22 23 100 65 0 28 0 53 24 40 16 19 87 92 16 92 61 23 28 32 56 18 20 0 36 45 25 8 5 94 69 87 5 35 26 57 1 0 68 25 41 88 66 63 7 0 0
0 0 0 0 69 0 0 0 0 66 59 0 0 0 0 0 0 0 0 0 0 0 0 0 82 0 0 0 0 0 0 71 11 0 0 0 0 0 0 0 0 0 0 0 0 30 0 0 0 0 0 0 0 0 0 0 0 0 0 0 0 0 0 0 0 0
0 0 0 0 0 0 0 0 0 0 0 0 0 0 0 0 0 0 0 0 0 0 0 63 0 0 0 0 0 0 0 58 41 0 0 0 93 0 0 0 0 0 0 0 31 0 0 0 0 0 0 0 65 0 0 35 0 0 0 0 0 41 0 0 0 15
90 73 0 0 0 0 71 40 51 94 0 0 0 75 92 58 0 0 66 59 0 58 95 48 52 84 34 0 85 73 0 60 0 61 0 0 0 0 0 85 12 0 76 0 50 0 16 42 94 0 49 0 0 0 0 0 60 38 0 0 0 0 0 0 0 14
0 0 84 0 0 0 0 0 0 0 0 0 0 0 90 0 70 29 0 0 0 1 0 0 31 0 87 0 0 0 36 0 56 0 0 84 0 0 35 15 0 0 50 0 0 0 74 0 92 0 0 0 0 0 0 0 77 0 31 80 0 11 0 31 0 70
0 0 0 0 49 28 0 0 0 0 0 39 0 0 0 0 0 0 0 0 0 0 0 0 0 0 0 0 0 0 51 0 0 0 0 0 0 0 0 0 0 0 0 0 0 0 0 0 0 41 0 0 50 25 0 0 0 0 0 56 0 0 51 0 0 0
46 0 38 11 11 43 0 93 0 67 38 30 59 66 8 88 79 0 73 26 87 72 4 0 41 0 0 83 48 99 59 21 20 65 78 90 50 57 72 95 34 96 0 0 18 93 25 0 0 33 42 9 57 0 49 75 96 0 36 15 0 76 0 53 0 0
94 66 0 24 0 0 0 4 36 0 58 34 0 46 48 0 38 94 31 0 70 0 77 73 83 0 75 0 99 0 56 0 0 0 42 4 0 2 0 4 90 96 0 90 93 0 73 30 25 0 0 0 0 0 0 17 0 0 10 96 63 42 77 0 0 9
0 62 0 0 0 56 0 0 0 0 46 0 0 0 88 0 0 0 0 30 0 0 0 30 0 0 0 0 0 0 0 0 0 0 0 0 0 0 0 0 0 0 0 0 0 0 79 0 0 0 0 0 0 0 0 0 32 0 0 0 0 0 66 0 0 0
0 0 0 0 0 0 0 0 0 0 0 0 0 0 0 0 0 0 0 0 0 0 0 0 0 0 0 0 0 0 0 0 0 0 0 0 0 0 0 0 0 0 0 0 0 0 0 0 0 0 0 0 0 0 0 0 0 0 0 0 0 0 0 0 0 0
